shape_id,shape_pt_lat,shape_pt_lon,shape_pt_sequence
R3_shape,35.770968813132924, 139.34715095086455,1
R3_shape,35.77102049875321, 139.34708523674902,2
R3_shape,35.77118371628095, 139.3471080355238,3
R3_shape,35.771064567518714, 139.34760893801663,4
R3_shape,35.77105586257932, 139.34777389391246,5
R3_shape,35.772090672368684, 139.3479539783935,6
R3_shape,35.77283202, 139.34806133494843,7
R3_shape,35.77329394891086, 139.34821383724585,8
R3_shape,35.773177964272456, 139.34860978788493,9
R3_shape,35.77306392227222, 139.3488471159649,10
R3_shape,35.77282036468837, 139.34928292378652,11
R3_shape,35.77206447181326, 139.35062637023924,12
R3_shape,35.77221741658096, 139.35070909821,13
R3_shape,35.77287474109042, 139.35110126863734,14
R3_shape,35.77370386200909, 139.35153120033462,15
R3_shape,35.77378057170041, 139.35168408623605,16
R3_shape,35.773581996813775, 139.35225405564142,17
R3_shape,35.773243189762084, 139.35315387263546,18
R3_shape,35.772793027773076, 139.35408014139796,19
R3_shape,35.77259771470924, 139.35408885858058,20
R3_shape,35.77216573926002, 139.35375894687309,21
R3_shape,35.771377949280655, 139.35316886090214,22
R3_shape,35.77062221819041, 139.3526051445625,23
R3_shape,35.77053008446632, 139.35259927106168,24
R3_shape,35.77022985488423, 139.35282637923817,25
R3_shape,35.769834312586156, 139.3531357162754,26
R3_shape,35.769178248139795, 139.35366628800688,27
R3_shape,35.76866832506619, 139.3542458054196,28
R3_shape,35.76844433912315, 139.35464324477175,29
R3_shape,35.76809326770098, 139.35530107540438,30
R3_shape,35.76761828624708, 139.3563132731071,31
R3_shape,35.76722273096472, 139.3574644766903,32
R3_shape,35.76681446501596, 139.3584257708772,33
R3_shape,35.76653169593166, 139.3591462520616,34
R3_shape,35.76637919084015, 139.36023872076518,35
R3_shape,35.76599157241273, 139.3614486592923,36
R3_shape,35.76559442042902, 139.36239820649712,37
R3_shape,35.7647381540123, 139.3638939880136,38
R3_shape,35.76463012716374, 139.36390181937443,39
R3_shape,35.76376908442142, 139.36347501262443,40
R3_shape,35.76283018769998, 139.36294052522524,41
R3_shape,35.762320223924135, 139.36254700154163,42
R3_shape,35.76152111523101, 139.361828478204,43
R3_shape,35.76148616397254, 139.36159353871176,44
R3_shape,35.76219948435706, 139.3601584497982,45
R3_shape,35.762962046952694, 139.3586019756186,46
R3_shape,35.76268561885961, 139.35842772882856,47
R3_shape,35.762297982437, 139.35812426525814,48
R3_shape,35.761452801403124, 139.3572138746924,49
R3_shape,35.76061237750427, 139.3563211045158,50
R3_shape,35.76035500584064, 139.35606854453394,51
R3_shape,35.75997371295564, 139.35578465928688,52
R3_shape,35.75964008018498, 139.35558300286246,53
R3_shape,35.758866364523534, 139.3552560453822,54
R3_shape,35.758821879616654, 139.35528541281872,55
R3_shape,35.75822768596137, 139.3563974598046,56
R3_shape,35.75774152422451, 139.35726282031075,57
R3_shape,35.75734181137666, 139.35794638106117,58
R3_shape,35.75850637616309, 139.3590173136853,59
R3_shape,35.759747182933886, 139.36015481248555,60
R3_shape,35.760806857908136, 139.36112393801127,61
R3_shape,35.761345427931026, 139.36160556400742,62
R3_shape,35.76192688881183, 139.36214396703699,63
R3_shape,35.76260720189605, 139.3627519614059,64
R3_shape,35.763160057678306, 139.36308479237852,65
R3_shape,35.76466704425227, 139.36387678728178,66
R3_shape,35.76473058944255, 139.36385720899074,67
R3_shape,35.765575735660946, 139.36237121663586,68
R3_shape,35.76596812193242, 139.36140992244293,69
R3_shape,35.76632237993011, 139.3603801042751,70
R3_shape,35.76649394826112, 139.35921519588146,71
R3_shape,35.766636921588976, 139.35875314816082,72
R3_shape,35.76718657220057, 139.35748839049032,73
R3_shape,35.7675948362411, 139.3562882411447,74
R3_shape,35.767769578967815, 139.35582815120225,75
R3_shape,35.768416123694834, 139.35463387541213,76
R3_shape,35.76869094333824, 139.35414441803673,77
R3_shape,35.76893875675608, 139.3538292075513,78
R3_shape,35.769807686176414, 139.3531067685607,79
R3_shape,35.77050822383094, 139.35257228116234,80
R3_shape,35.770485984635634, 139.35249592582736,81
R3_shape,35.76935813156298, 139.3516618905799,82
R3_shape,35.76783312168265, 139.35051460263796,83
R3_shape,35.767391498778636, 139.3501602355429,84
R3_shape,35.76735178436923, 139.34996249480363,85
R3_shape,35.76759165910009, 139.34947695318638,86
R3_shape,35.767696504781725, 139.3491754475047,87
R3_shape,35.76854797369536, 139.34759156360357,88
R3_shape,35.76863057841042, 139.347456473329,89
R3_shape,35.76896099638229, 139.34749954556688,90
R3_shape,35.76963294793332, 139.34760918400158,91
R3_shape,35.770001486333825, 139.34765225624596,92
R3_shape,35.77024294159233, 139.34765812973325,93
R3_shape,35.77066866356181, 139.34770903329186,94
R3_shape,35.770894231738254, 139.3473096361436,95
R3_shape,35.770968813132924, 139.34715095086455,96
R5_shape,35.770968813132924, 139.34715095086455,1
R5_shape,35.77102049875321, 139.34708523674902,2
R5_shape,35.77118371628095, 139.3471080355238,3
R5_shape,35.771064567518714, 139.34760893801663,4
R5_shape,35.77105586257932, 139.34777389391246,5
R5_shape,35.772090672368684, 139.3479539783935,6
R5_shape,35.77283202, 139.34806133494843,7
R5_shape,35.77329394891086, 139.34821383724585,8
R5_shape,35.773177964272456, 139.34860978788493,9
R5_shape,35.77306392227222, 139.3488471159649,10
R5_shape,35.77282036468837, 139.34928292378652,11
R5_shape,35.77206447181326, 139.35062637023924,12
R5_shape,35.77143751654198, 139.35139556753217,13
R5_shape,35.77095612, 139.35206799709883,14
R5_shape,35.77061283933674, 139.3525497165945,15
R5_shape,35.77091179422336, 139.3527784795075,16
R5_shape,35.77185037555511, 139.35347888717754,17
R5_shape,35.77271344, 139.35412376972621,18
R5_shape,35.77268765, 139.35430105944081,19
R5_shape,35.77224523, 139.35520516642632,20
R5_shape,35.77242632, 139.3553556154784,21
R5_shape,35.772751832421385, 139.35553926222238,22
R5_shape,35.77291401, 139.3557052506087,23
R5_shape,35.77303034786208, 139.35588677834122,24
R5_shape,35.77300054790331, 139.35598425236756,25
R5_shape,35.772708278481716,139.3564017,26
R5_shape,35.772904844114116, 139.35656768392153,27
R5_shape,35.77304868629282, 139.3566743402837,28
R5_shape,35.77351787684781, 139.35692346835833,29
R5_shape,35.773865731105225, 139.35714172542654,30
R5_shape,35.77409725105473, 139.35743556020046,31
R5_shape,35.77421243770763, 139.35726392115416,32
R5_shape,35.77430412845544, 139.35734373684238,33
R5_shape,35.77421186464012, 139.35757965223948,34
R5_shape,35.77409897026089, 139.3574807655461,35
R5_shape,35.77386573110754, 139.35719046245677,36
R5_shape,35.77370355212852, 139.35705979073725,37
R5_shape,35.77315053651414, 139.35676524963134,38
R5_shape,35.772947667643145, 139.35664799825338,39
R5_shape,35.772679467333276, 139.35641349552336,40
R5_shape,35.77301930218976, 139.3559176493558,41
R5_shape,35.772894371501266, 139.35570645563203,42
R5_shape,35.77281585990853, 139.35560827523167,43
R5_shape,35.77267014638776, 139.35551666204506,44
R5_shape,35.77224205550251, 139.35527156430467,45
R5_shape,35.77223288619193, 139.3551288849223,46
R5_shape,35.772689631056025, 139.3541760409331,47
R5_shape,35.772514572447996, 139.3540211375777,48
R5_shape,35.77132554282103, 139.35312949243732,49
R5_shape,35.77063095674867, 139.35260963093086,50
R5_shape,35.77013820561123, 139.35224019024378,51
R5_shape,35.76941438096278, 139.3516998450522,52
R5_shape,35.76793117892213, 139.35059019500616,53
R5_shape,35.76741480263093, 139.35017698987448,54
R5_shape,35.767349467321026, 139.3499749784669,55
R5_shape,35.767605077078436, 139.34945441061265,56
R5_shape,35.767724284936655, 139.34912314016273,57
R5_shape,35.76856962399376, 139.34753600858272,58
R5_shape,35.768699146335884, 139.34744277253876,59
R5_shape,35.76897939528551, 139.34750139823063,60
R5_shape,35.76968956306528, 139.34761200882792,61
R5_shape,35.77007010062625, 139.34766357118122,62
R5_shape,35.77025234538238, 139.34766074585232,63
R5_shape,35.77069649358277, 139.34771160186168,64
R5_shape,35.770968813132924, 139.34715095086455,65
SHP0004,35.77147177,139.3461795,1
SHP0004,35.77147303,139.3462005,2
SHP0004,35.77145344,139.3462515,3
SHP0004,35.77142297,139.3462729,4
SHP0004,35.7713925,139.3462864,5
SHP0004,35.7713011,139.346281,6
SHP0004,35.77117923,139.3462729,7
SHP0004,35.77115311,139.3462569,8
SHP0004,35.77114223,139.3462461,9
SHP0004,35.77113788,139.3461925,10
SHP0004,35.77114658,139.3460879,11
SHP0004,35.77121405,139.3459833,12
SHP0004,35.77123146,139.3459162,13
SHP0004,35.77130545,139.34553,14
SHP0004,35.77137509,139.3455085,15
SHP0004,35.77139686,139.3451867,16
SHP0004,35.77142297,139.3448031,17
SHP0004,35.7714295,139.3447092,18
SHP0004,35.77139903,139.3443739,19
SHP0004,35.77136204,139.3442962,20
SHP0004,35.77182559,139.3441942,21
SHP0004,35.77240231,139.3440655,22
SHP0004,35.77325759,139.343867,23
SHP0004,35.77350349,139.3438107,24
SHP0004,35.77396263,139.343698,25
SHP0004,35.77398874,139.3436229,26
SHP0004,35.7740475,139.3436095,27
SHP0004,35.77462633,139.3434888,28
SHP0004,35.77498755,139.3434271,29
SHP0004,35.77500061,139.3434244,30
SHP0004,35.77532484,139.3433681,31
SHP0004,35.77545105,139.3433386,32
SHP0004,35.77552286,139.3433279,33
SHP0004,35.77615174,139.3431723,34
SHP0004,35.77620832,139.3431535,35
SHP0004,35.77631712,139.3430999,36
SHP0004,35.77641069,139.3430382,37
SHP0004,35.77647815,139.3429846,38
SHP0004,35.77658042,139.3428853,39
SHP0004,35.77684808,139.3426171,40
SHP0004,35.77709607,139.3424171,41
SHP0004,35.77709607,139.3424171,42
SHP0004,35.7772006,139.3423328,43
SHP0004,35.77720761,139.3423282,44
SHP0004,35.77730287,139.3422657,45
SHP0004,35.77737251,139.342204,46
SHP0004,35.77800791,139.3417507,47
SHP0004,35.77804708,139.3417105,48
SHP0004,35.7780906,139.3416649,49
SHP0004,35.77811236,139.3416435,50
SHP0004,35.77837784,139.3413296,51
SHP0004,35.77892186,139.3405813,52
SHP0004,35.77919386,139.3402138,53
SHP0004,35.77945717,139.3399242,54
SHP0004,35.77983362,139.3395996,55
SHP0004,35.77994243,139.3395111,56
SHP0004,35.78024707,139.3392026,57
SHP0004,35.78037981,139.3390337,58
SHP0004,35.78052126,139.3388379,59
SHP0004,35.78089989,139.338347,60
SHP0004,35.78139168,139.3376926,61
SHP0004,35.78146213,139.3375927,62
SHP0004,35.78171156,139.3372393,63
SHP0004,35.78177031,139.3371803,64
SHP0004,35.78203147,139.3367929,65
SHP0004,35.78203147,139.3367929,66
SHP0004,35.78215547,139.3366089,67
SHP0004,35.7821707,139.3365821,68
SHP0004,35.78255147,139.3359759,69
SHP0004,35.7826298,139.3358579,70
SHP0004,35.78264938,139.3358284,71
SHP0004,35.78286043,139.3355307,72
SHP0004,35.78294529,139.33541,73
SHP0004,35.78313241,139.3351498,74
SHP0004,35.78327601,139.3349487,75
SHP0004,35.78333476,139.3348628,76
SHP0004,35.78336087,139.3348226,77
SHP0004,35.78339568,139.3347663,78
SHP0004,35.78349795,139.334608,79
SHP0004,35.7837177,139.3342915,80
SHP0004,35.78388089,139.3340421,81
SHP0004,35.78400926,139.3338409,82
SHP0004,35.7840506,139.3337792,83
SHP0004,35.78409847,139.3337068,84
SHP0004,35.78412893,139.3336585,85
SHP0004,35.78429212,139.3334064,86
SHP0004,35.78433998,139.3333313,87
SHP0004,35.78435522,139.3333098,88
SHP0004,35.78455104,139.332996,89
SHP0004,35.78458585,139.3329477,90
SHP0004,35.78461587,139.3328987,91
SHP0004,35.78468808,139.3327806,92
SHP0004,35.78468808,139.3327806,93
SHP0004,35.78478603,139.3326205,94
SHP0004,35.78494051,139.332355,95
SHP0004,35.78518637,139.3319365,96
SHP0004,35.78528646,139.3317729,97
SHP0004,35.7855889,139.3313169,98
SHP0004,35.78574121,139.3310916,99
SHP0004,35.78590004,139.3308529,100
SHP0004,35.78600448,139.3307,101
SHP0004,35.78614591,139.3304881,102
SHP0004,35.78641353,139.3300965,103
SHP0004,35.78646793,139.3300134,104
SHP0004,35.78646793,139.3300134,105
SHP0004,35.78668333,139.3296862,106
SHP0004,35.78677908,139.3295493,107
SHP0004,35.78712067,139.3290612,108
SHP0004,35.78736218,139.3287045,109
SHP0004,35.78740788,139.3286347,110
SHP0004,35.78742311,139.3286133,111
SHP0004,35.78764286,139.3282753,112
SHP0004,35.78782345,139.3280366,113
SHP0004,35.7879453,139.3278891,114
SHP0004,35.78818464,139.3276262,115
SHP0004,35.78855235,139.3271944,116
SHP0004,35.78898098,139.3266231,117
SHP0004,35.7897708,139.3254939,118
SHP0004,35.79013416,139.3249977,119
SHP0004,35.79019073,139.3249226,120
SHP0004,35.79033434,139.3246919,121
SHP0004,35.79038003,139.3249896,122
SHP0004,35.79038003,139.3249977,123
SHP0004,35.79051493,139.3256414,124
SHP0004,35.79059979,139.3261135,125
SHP0004,35.79085653,139.3276101,126
SHP0004,35.79098926,139.3283907,127
SHP0004,35.79102842,139.3286133,128
SHP0004,35.79108282,139.3289512,129
SHP0004,35.79118507,139.3295681,130
SHP0004,35.79128732,139.3301904,131
SHP0004,35.7914048,139.3310112,132
SHP0004,35.79143743,139.331215,133
SHP0004,35.79144614,139.331266,134
SHP0004,35.79166587,139.3326232,135
SHP0004,35.79166804,139.3326339,136
SHP0004,35.79173113,139.3330228,137
SHP0004,35.79174854,139.3331409,138
SHP0004,35.79178117,139.3333313,139
SHP0004,35.79193129,139.3342808,140
SHP0004,35.7919922,139.3348575,141
SHP0004,35.79203571,139.3353966,142
SHP0004,35.79205964,139.3356085,143
SHP0004,35.7921235,139.3361999,144
SHP0004,35.7921235,139.3361999,145
SHP0004,35.79214449,139.3363944,146
SHP0004,35.79219235,139.3368343,147
SHP0004,35.79230983,139.3380412,148
SHP0004,35.79233594,139.3383309,149
SHP0004,35.79235242,139.3385623,150
SHP0004,35.79235242,139.3385623,151
SHP0004,35.7923698,139.3388064,152
SHP0004,35.7923751,139.3388808,153
SHP0004,35.79239903,139.3392348,154
SHP0004,35.79242514,139.3395996,155
SHP0004,35.7924556,139.3400288,156
SHP0004,35.79248606,139.3404016,157
SHP0004,35.79250999,139.3406859,158
SHP0004,35.79253609,139.3409944,159
SHP0004,35.79260136,139.3416649,160
SHP0004,35.79261877,139.3418956,161
SHP0004,35.79266663,139.342424,162
SHP0004,35.79268621,139.3426037,163
SHP0004,35.79283632,139.3440762,164
SHP0004,35.79243819,139.3442023,165
SHP0004,35.79181163,139.3443847,166
SHP0004,35.79166804,139.3444169,167
SHP0004,35.79157885,139.344441,168
SHP0004,35.79136129,139.3445107,169
SHP0004,35.79108282,139.3445912,170
SHP0004,35.79063025,139.3447226,171
SHP0004,35.79047577,139.3447736,172
SHP0004,35.79012141,139.3448735,173
SHP0004,35.79004617,139.3448947,174
SHP0004,35.79004617,139.3448947,175
SHP0004,35.78953364,139.3450391,176
SHP0004,35.78945966,139.3450606,177
SHP0004,35.78920727,139.3451893,178
SHP0004,35.78862633,139.3455729,179
SHP0004,35.78850883,139.3456587,180
SHP0004,35.7881346,139.3458813,181
SHP0004,35.78809543,139.3458894,182
SHP0004,35.78803668,139.3459028,183
SHP0004,35.78778864,139.3460798,184
SHP0004,35.78720335,139.3465251,185
SHP0004,35.78670734,139.3468949,186
SHP0004,35.78666375,139.3469274,187
SHP0004,35.78597837,139.3474531,188
SHP0004,35.78592615,139.3474934,189
SHP0004,35.78561718,139.3477294,190
SHP0004,35.78544747,139.3478635,191
SHP0004,35.78544747,139.3478635,192
SHP0004,35.78508194,139.3481371,193
SHP0004,35.78495356,139.3481827,194
SHP0004,35.78475339,139.3481988,195
SHP0004,35.78438785,139.3481451,196
SHP0004,35.78437262,139.3480432,197
SHP0004,35.78435086,139.3478742,198
SHP0004,35.78426166,139.347437,199
SHP0004,35.78419638,139.3471795,200
SHP0004,35.78415939,139.3470374,201
SHP0004,35.78410935,139.3468979,202
SHP0004,35.78401361,139.3465948,203
SHP0004,35.78382649,139.3461227,204
SHP0004,35.78373946,139.3459296,205
SHP0004,35.78371988,139.3458867,206
SHP0004,35.78366984,139.3457794,207
SHP0004,35.78345008,139.3453529,208
SHP0004,35.78333476,139.3451115,209
SHP0004,35.78332171,139.3450874,210
SHP0004,35.78325861,139.3449479,211
SHP0004,35.78281692,139.3440145,212
SHP0004,35.78274077,139.3438536,213
SHP0004,35.78255147,139.3434513,214
SHP0004,35.7821707,139.3426466,215
SHP0004,35.7820706,139.3424374,216
SHP0004,35.78198574,139.3422469,217
SHP0004,35.78188782,139.3420377,218
SHP0004,35.78182906,139.3419144,219
SHP0004,35.78170938,139.3416649,220
SHP0004,35.78161799,139.3414718,221
SHP0004,35.78152006,139.3412706,222
SHP0004,35.78141997,139.3410882,223
SHP0004,35.78131551,139.3409085,224
SHP0004,35.78109791,139.3405652,225
SHP0004,35.78097387,139.340415,226
SHP0004,35.78069099,139.3401334,227
SHP0004,35.78062135,139.3400636,228
SHP0004,35.78014262,139.3396586,229
SHP0004,35.78006428,139.3395996,230
SHP0004,35.77994243,139.3395111,231
SHP0004,35.77983362,139.3395996,232
SHP0004,35.77945717,139.3399242,233
SHP0004,35.77919386,139.3402138,234
SHP0004,35.77892186,139.3405813,235
SHP0004,35.77837784,139.3413296,236
SHP0004,35.77811236,139.3416435,237
SHP0004,35.7780906,139.3416649,238
SHP0004,35.77804708,139.3417105,239
SHP0004,35.77800791,139.3417507,240
SHP0004,35.77737251,139.342204,241
SHP0004,35.77730287,139.3422657,242
SHP0004,35.77720761,139.3423282,243
SHP0004,35.77720761,139.3423282,244
SHP0004,35.7772006,139.3423328,245
SHP0004,35.77709607,139.3424171,246
SHP0004,35.77684808,139.3426171,247
SHP0004,35.77658042,139.3428853,248
SHP0004,35.77647815,139.3429846,249
SHP0004,35.77641069,139.3430382,250
SHP0004,35.77631712,139.3430999,251
SHP0004,35.77620832,139.3431535,252
SHP0004,35.77615174,139.3431723,253
SHP0004,35.77552286,139.3433279,254
SHP0004,35.77545105,139.3433386,255
SHP0004,35.77532484,139.3433681,256
SHP0004,35.77500061,139.3434244,257
SHP0004,35.77498755,139.3434271,258
SHP0004,35.77462633,139.3434888,259
SHP0004,35.7740475,139.3436095,260
SHP0004,35.77398874,139.3436229,261
SHP0004,35.77396263,139.343698,262
SHP0004,35.77350349,139.3438107,263
SHP0004,35.77325759,139.343867,264
SHP0004,35.77240231,139.3440655,265
SHP0004,35.77182559,139.3441942,266
SHP0004,35.77136204,139.3442962,267
SHP0004,35.77139903,139.3443739,268
SHP0004,35.7714295,139.3447092,269
SHP0004,35.77142297,139.3448031,270
SHP0004,35.77139686,139.3451867,271
SHP0004,35.77137509,139.3455085,272
SHP0004,35.77144474,139.3455434,273
SHP0004,35.77145779,139.3459457,274
SHP0004,35.77147177,139.3461795,275
SHP0005,35.77147177,139.3461795,1
SHP0005,35.77147303,139.3462005,2
SHP0005,35.77145344,139.3462515,3
SHP0005,35.77142297,139.3462729,4
SHP0005,35.7713925,139.3462864,5
SHP0005,35.7713011,139.346281,6
SHP0005,35.77117923,139.3462729,7
SHP0005,35.77115311,139.3462569,8
SHP0005,35.77114223,139.3462461,9
SHP0005,35.77113788,139.3461925,10
SHP0005,35.77114658,139.3460879,11
SHP0005,35.77121405,139.3459833,12
SHP0005,35.77123146,139.3459162,13
SHP0005,35.77130545,139.34553,14
SHP0005,35.77137509,139.3455085,15
SHP0005,35.77139686,139.3451867,16
SHP0005,35.77142297,139.3448031,17
SHP0005,35.7714295,139.3447092,18
SHP0005,35.77139903,139.3443739,19
SHP0005,35.77136204,139.3442962,20
SHP0005,35.77182559,139.3441942,21
SHP0005,35.77240231,139.3440655,22
SHP0005,35.77325759,139.343867,23
SHP0005,35.77350349,139.3438107,24
SHP0005,35.77396263,139.343698,25
SHP0005,35.77398874,139.3436229,26
SHP0005,35.7740475,139.3436095,27
SHP0005,35.77462633,139.3434888,28
SHP0005,35.77498755,139.3434271,29
SHP0005,35.77500061,139.3434244,30
SHP0005,35.77532484,139.3433681,31
SHP0005,35.77545105,139.3433386,32
SHP0005,35.77552286,139.3433279,33
SHP0005,35.77615174,139.3431723,34
SHP0005,35.77620832,139.3431535,35
SHP0005,35.77631712,139.3430999,36
SHP0005,35.77641069,139.3430382,37
SHP0005,35.77647815,139.3429846,38
SHP0005,35.77658042,139.3428853,39
SHP0005,35.77684808,139.3426171,40
SHP0005,35.77709607,139.3424171,41
SHP0005,35.77709607,139.3424171,42
SHP0005,35.7772006,139.3423328,43
SHP0005,35.77720761,139.3423282,44
SHP0005,35.77730287,139.3422657,45
SHP0005,35.77737251,139.342204,46
SHP0005,35.77800791,139.3417507,47
SHP0005,35.77804708,139.3417105,48
SHP0005,35.7780906,139.3416649,49
SHP0005,35.77811236,139.3416435,50
SHP0005,35.77837784,139.3413296,51
SHP0005,35.77892186,139.3405813,52
SHP0005,35.77919386,139.3402138,53
SHP0005,35.77945717,139.3399242,54
SHP0005,35.77983362,139.3395996,55
SHP0005,35.77994243,139.3395111,56
SHP0005,35.78006428,139.3395996,57
SHP0005,35.78014262,139.3396586,58
SHP0005,35.78062135,139.3400636,59
SHP0005,35.78069099,139.3401334,60
SHP0005,35.78097387,139.340415,61
SHP0005,35.78109791,139.3405652,62
SHP0005,35.78131551,139.3409085,63
SHP0005,35.78141997,139.3410882,64
SHP0005,35.78152006,139.3412706,65
SHP0005,35.78161799,139.3414718,66
SHP0005,35.78170938,139.3416649,67
SHP0005,35.78182906,139.3419144,68
SHP0005,35.78188782,139.3420377,69
SHP0005,35.78198574,139.3422469,70
SHP0005,35.7820706,139.3424374,71
SHP0005,35.7821707,139.3426466,72
SHP0005,35.78255147,139.3434513,73
SHP0005,35.78274077,139.3438536,74
SHP0005,35.78281692,139.3440145,75
SHP0005,35.78325861,139.3449479,76
SHP0005,35.78332171,139.3450874,77
SHP0005,35.78333476,139.3451115,78
SHP0005,35.78345008,139.3453529,79
SHP0005,35.78366984,139.3457794,80
SHP0005,35.78371988,139.3458867,81
SHP0005,35.78373946,139.3459296,82
SHP0005,35.78382649,139.3461227,83
SHP0005,35.78401361,139.3465948,84
SHP0005,35.78410935,139.3468979,85
SHP0005,35.78415939,139.3470374,86
SHP0005,35.78419638,139.3471795,87
SHP0005,35.78426166,139.347437,88
SHP0005,35.78435086,139.3478742,89
SHP0005,35.78437262,139.3480432,90
SHP0005,35.78438785,139.3481451,91
SHP0005,35.78475339,139.3481988,92
SHP0005,35.78495356,139.3481827,93
SHP0005,35.78508194,139.3481371,94
SHP0005,35.78544747,139.3478635,95
SHP0005,35.78561718,139.3477294,96
SHP0005,35.78592615,139.3474934,97
SHP0005,35.78597837,139.3474531,98
SHP0005,35.78666375,139.3469274,99
SHP0005,35.78670734,139.3468949,100
SHP0005,35.78670734,139.3468949,101
SHP0005,35.78720335,139.3465251,102
SHP0005,35.78778864,139.3460798,103
SHP0005,35.78803668,139.3459028,104
SHP0005,35.78809543,139.3458894,105
SHP0005,35.7881346,139.3458813,106
SHP0005,35.78850883,139.3456587,107
SHP0005,35.78862633,139.3455729,108
SHP0005,35.78920727,139.3451893,109
SHP0005,35.78945966,139.3450606,110
SHP0005,35.78953364,139.3450391,111
SHP0005,35.79004617,139.3448947,112
SHP0005,35.79012141,139.3448735,113
SHP0005,35.79012141,139.3448735,114
SHP0005,35.79047577,139.3447736,115
SHP0005,35.79063025,139.3447226,116
SHP0005,35.79108282,139.3445912,117
SHP0005,35.79136129,139.3445107,118
SHP0005,35.79157885,139.344441,119
SHP0005,35.79166804,139.3444169,120
SHP0005,35.79181163,139.3443847,121
SHP0005,35.79243819,139.3442023,122
SHP0005,35.79283632,139.3440762,123
SHP0005,35.79268621,139.3426037,124
SHP0005,35.79266663,139.342424,125
SHP0005,35.79261877,139.3418956,126
SHP0005,35.79260136,139.3416649,127
SHP0005,35.79253609,139.3409944,128
SHP0005,35.79250999,139.3406859,129
SHP0005,35.79248606,139.3404016,130
SHP0005,35.7924556,139.3400288,131
SHP0005,35.79242514,139.3395996,132
SHP0005,35.79239903,139.3392348,133
SHP0005,35.7923751,139.3388808,134
SHP0005,35.7923698,139.3388064,135
SHP0005,35.7923698,139.3388064,136
SHP0005,35.79235242,139.3385623,137
SHP0005,35.79233594,139.3383309,138
SHP0005,35.79230983,139.3380412,139
SHP0005,35.79219235,139.3368343,140
SHP0005,35.79214449,139.3363944,141
SHP0005,35.79214449,139.3363944,142
SHP0005,35.7921235,139.3361999,143
SHP0005,35.79205964,139.3356085,144
SHP0005,35.79203571,139.3353966,145
SHP0005,35.7919922,139.3348575,146
SHP0005,35.79193129,139.3342808,147
SHP0005,35.79178117,139.3333313,148
SHP0005,35.79174854,139.3331409,149
SHP0005,35.79173113,139.3330228,150
SHP0005,35.79166804,139.3326339,151
SHP0005,35.79166587,139.3326232,152
SHP0005,35.79144614,139.331266,153
SHP0005,35.79143743,139.331215,154
SHP0005,35.7914048,139.3310112,155
SHP0005,35.79128732,139.3301904,156
SHP0005,35.79118507,139.3295681,157
SHP0005,35.79108282,139.3289512,158
SHP0005,35.79102842,139.3286133,159
SHP0005,35.79098926,139.3283907,160
SHP0005,35.79085653,139.3276101,161
SHP0005,35.79059979,139.3261135,162
SHP0005,35.79051493,139.3256414,163
SHP0005,35.79038003,139.3249977,164
SHP0005,35.79038003,139.3249896,165
SHP0005,35.79033434,139.3246919,166
SHP0005,35.79019073,139.3249226,167
SHP0005,35.79013416,139.3249977,168
SHP0005,35.7897708,139.3254939,169
SHP0005,35.78898098,139.3266231,170
SHP0005,35.78855235,139.3271944,171
SHP0005,35.78818464,139.3276262,172
SHP0005,35.7879453,139.3278891,173
SHP0005,35.78782345,139.3280366,174
SHP0005,35.78764286,139.3282753,175
SHP0005,35.78742311,139.3286133,176
SHP0005,35.78740788,139.3286347,177
SHP0005,35.78736218,139.3287045,178
SHP0005,35.78712067,139.3290612,179
SHP0005,35.78677908,139.3295493,180
SHP0005,35.78677908,139.3295493,181
SHP0005,35.78668333,139.3296862,182
SHP0005,35.78646793,139.3300134,183
SHP0005,35.78641353,139.3300965,184
SHP0005,35.78614591,139.3304881,185
SHP0005,35.78600448,139.3307,186
SHP0005,35.78590004,139.3308529,187
SHP0005,35.78574121,139.3310916,188
SHP0005,35.7855889,139.3313169,189
SHP0005,35.78528646,139.3317729,190
SHP0005,35.78518637,139.3319365,191
SHP0005,35.78494051,139.332355,192
SHP0005,35.78478603,139.3326205,193
SHP0005,35.78468808,139.3327806,194
SHP0005,35.78461587,139.3328987,195
SHP0005,35.78461587,139.3328987,196
SHP0005,35.78458585,139.3329477,197
SHP0005,35.78455104,139.332996,198
SHP0005,35.78435522,139.3333098,199
SHP0005,35.78433998,139.3333313,200
SHP0005,35.78429212,139.3334064,201
SHP0005,35.78412893,139.3336585,202
SHP0005,35.78409847,139.3337068,203
SHP0005,35.7840506,139.3337792,204
SHP0005,35.78400926,139.3338409,205
SHP0005,35.78388089,139.3340421,206
SHP0005,35.7837177,139.3342915,207
SHP0005,35.78349795,139.334608,208
SHP0005,35.78339568,139.3347663,209
SHP0005,35.78336087,139.3348226,210
SHP0005,35.78333476,139.3348628,211
SHP0005,35.78327601,139.3349487,212
SHP0005,35.78313241,139.3351498,213
SHP0005,35.78294529,139.33541,214
SHP0005,35.78286043,139.3355307,215
SHP0005,35.78264938,139.3358284,216
SHP0005,35.7826298,139.3358579,217
SHP0005,35.78255147,139.3359759,218
SHP0005,35.7821707,139.3365821,219
SHP0005,35.78215547,139.3366089,220
SHP0005,35.78203147,139.3367929,221
SHP0005,35.78177031,139.3371803,222
SHP0005,35.78171156,139.3372393,223
SHP0005,35.78146213,139.3375927,224
SHP0005,35.78146213,139.3375927,225
SHP0005,35.78139168,139.3376926,226
SHP0005,35.78089989,139.338347,227
SHP0005,35.78052126,139.3388379,228
SHP0005,35.78037981,139.3390337,229
SHP0005,35.78024707,139.3392026,230
SHP0005,35.77994243,139.3395111,231
SHP0005,35.77983362,139.3395996,232
SHP0005,35.77945717,139.3399242,233
SHP0005,35.77919386,139.3402138,234
SHP0005,35.77892186,139.3405813,235
SHP0005,35.77837784,139.3413296,236
SHP0005,35.77811236,139.3416435,237
SHP0005,35.7780906,139.3416649,238
SHP0005,35.77804708,139.3417105,239
SHP0005,35.77800791,139.3417507,240
SHP0005,35.77737251,139.342204,241
SHP0005,35.77730287,139.3422657,242
SHP0005,35.77720761,139.3423282,243
SHP0005,35.77720761,139.3423282,244
SHP0005,35.7772006,139.3423328,245
SHP0005,35.77709607,139.3424171,246
SHP0005,35.77684808,139.3426171,247
SHP0005,35.77658042,139.3428853,248
SHP0005,35.77647815,139.3429846,249
SHP0005,35.77641069,139.3430382,250
SHP0005,35.77631712,139.3430999,251
SHP0005,35.77620832,139.3431535,252
SHP0005,35.77615174,139.3431723,253
SHP0005,35.77552286,139.3433279,254
SHP0005,35.77545105,139.3433386,255
SHP0005,35.77532484,139.3433681,256
SHP0005,35.77500061,139.3434244,257
SHP0005,35.77498755,139.3434271,258
SHP0005,35.77462633,139.3434888,259
SHP0005,35.7740475,139.3436095,260
SHP0005,35.77398874,139.3436229,261
SHP0005,35.77396263,139.343698,262
SHP0005,35.77350349,139.3438107,263
SHP0005,35.77325759,139.343867,264
SHP0005,35.77240231,139.3440655,265
SHP0005,35.77182559,139.3441942,266
SHP0005,35.77136204,139.3442962,267
SHP0005,35.77139903,139.3443739,268
SHP0005,35.7714295,139.3447092,269
SHP0005,35.77142297,139.3448031,270
SHP0005,35.77139686,139.3451867,271
SHP0005,35.77137509,139.3455085,272
SHP0005,35.77144474,139.3455434,273
SHP0005,35.77145779,139.3459457,274
SHP0005,35.77147177,139.3461795,275
SHP0006,35.77147177,139.3461795,1
SHP0006,35.77147303,139.3462005,2
SHP0006,35.77145344,139.3462515,3
SHP0006,35.77142297,139.3462729,4
SHP0006,35.7713925,139.3462864,5
SHP0006,35.7713011,139.346281,6
SHP0006,35.77117923,139.3462729,7
SHP0006,35.77115311,139.3462569,8
SHP0006,35.77114223,139.3462461,9
SHP0006,35.77113788,139.3461925,10
SHP0006,35.77114658,139.3460879,11
SHP0006,35.77121405,139.3459833,12
SHP0006,35.77123146,139.3459162,13
SHP0006,35.77130545,139.34553,14
SHP0006,35.77137509,139.3455085,15
SHP0006,35.77139686,139.3451867,16
SHP0006,35.77142297,139.3448031,17
SHP0006,35.7714295,139.3447092,18
SHP0006,35.77139903,139.3443739,19
SHP0006,35.77136204,139.3442962,20
SHP0006,35.77182559,139.3441942,21
SHP0006,35.77240231,139.3440655,22
SHP0006,35.77325759,139.343867,23
SHP0006,35.77350349,139.3438107,24
SHP0006,35.77396263,139.343698,25
SHP0006,35.77398874,139.3436229,26
SHP0006,35.7740475,139.3436095,27
SHP0006,35.77462633,139.3434888,28
SHP0006,35.77498755,139.3434271,29
SHP0006,35.77500061,139.3434244,30
SHP0006,35.77532484,139.3433681,31
SHP0006,35.77545105,139.3433386,32
SHP0006,35.77550328,139.3428317,33
SHP0006,35.77552504,139.3425286,34
SHP0006,35.77561643,139.3416649,35
SHP0006,35.7756556,139.3411419,36
SHP0006,35.77516381,139.3414691,37
SHP0006,35.77515293,139.3414986,38
SHP0006,35.7751377,139.3416649,39
SHP0006,35.7750884,139.3422328,40
SHP0006,35.7750884,139.3422328,41
SHP0006,35.77506807,139.3424669,42
SHP0006,35.77500061,139.3432742,43
SHP0006,35.77498755,139.3434271,44
SHP0006,35.77500061,139.3434244,45
SHP0006,35.77532484,139.3433681,46
SHP0006,35.77545105,139.3433386,47
SHP0006,35.77552286,139.3433279,48
SHP0006,35.77615174,139.3431723,49
SHP0006,35.77620832,139.3431535,50
SHP0006,35.77631712,139.3430999,51
SHP0006,35.77641069,139.3430382,52
SHP0006,35.77647815,139.3429846,53
SHP0006,35.77658042,139.3428853,54
SHP0006,35.77684808,139.3426171,55
SHP0006,35.77709607,139.3424171,56
SHP0006,35.77709607,139.3424171,57
SHP0006,35.7772006,139.3423328,58
SHP0006,35.77720761,139.3423282,59
SHP0006,35.77730287,139.3422657,60
SHP0006,35.77737251,139.342204,61
SHP0006,35.77800791,139.3417507,62
SHP0006,35.77804708,139.3417105,63
SHP0006,35.7780906,139.3416649,64
SHP0006,35.77811236,139.3416435,65
SHP0006,35.77837784,139.3413296,66
SHP0006,35.77892186,139.3405813,67
SHP0006,35.77919386,139.3402138,68
SHP0006,35.77945717,139.3399242,69
SHP0006,35.77983362,139.3395996,70
SHP0006,35.77994243,139.3395111,71
SHP0006,35.78006428,139.3395996,72
SHP0006,35.78014262,139.3396586,73
SHP0006,35.78062135,139.3400636,74
SHP0006,35.78069099,139.3401334,75
SHP0006,35.78097387,139.340415,76
SHP0006,35.78109791,139.3405652,77
SHP0006,35.78131551,139.3409085,78
SHP0006,35.78141997,139.3410882,79
SHP0006,35.78152006,139.3412706,80
SHP0006,35.78161799,139.3414718,81
SHP0006,35.78170938,139.3416649,82
SHP0006,35.78182906,139.3419144,83
SHP0006,35.78188782,139.3420377,84
SHP0006,35.78198574,139.3422469,85
SHP0006,35.7820706,139.3424374,86
SHP0006,35.7821707,139.3426466,87
SHP0006,35.78255147,139.3434513,88
SHP0006,35.78274077,139.3438536,89
SHP0006,35.78281692,139.3440145,90
SHP0006,35.78325861,139.3449479,91
SHP0006,35.78332171,139.3450874,92
SHP0006,35.78333476,139.3451115,93
SHP0006,35.78345008,139.3453529,94
SHP0006,35.78366984,139.3457794,95
SHP0006,35.78371988,139.3458867,96
SHP0006,35.78373946,139.3459296,97
SHP0006,35.78382649,139.3461227,98
SHP0006,35.78401361,139.3465948,99
SHP0006,35.78410935,139.3468979,100
SHP0006,35.78415939,139.3470374,101
SHP0006,35.78419638,139.3471795,102
SHP0006,35.78426166,139.347437,103
SHP0006,35.78435086,139.3478742,104
SHP0006,35.78437262,139.3480432,105
SHP0006,35.78438785,139.3481451,106
SHP0006,35.78475339,139.3481988,107
SHP0006,35.78495356,139.3481827,108
SHP0006,35.78508194,139.3481371,109
SHP0006,35.78544747,139.3478635,110
SHP0006,35.78561718,139.3477294,111
SHP0006,35.78592615,139.3474934,112
SHP0006,35.78597837,139.3474531,113
SHP0006,35.78666375,139.3469274,114
SHP0006,35.78670734,139.3468949,115
SHP0006,35.78670734,139.3468949,116
SHP0006,35.78720335,139.3465251,117
SHP0006,35.78778864,139.3460798,118
SHP0006,35.78803668,139.3459028,119
SHP0006,35.78809543,139.3458894,120
SHP0006,35.7881346,139.3458813,121
SHP0006,35.78850883,139.3456587,122
SHP0006,35.78862633,139.3455729,123
SHP0006,35.78920727,139.3451893,124
SHP0006,35.78945966,139.3450606,125
SHP0006,35.78953364,139.3450391,126
SHP0006,35.79004617,139.3448947,127
SHP0006,35.79012141,139.3448735,128
SHP0006,35.79012141,139.3448735,129
SHP0006,35.79047577,139.3447736,130
SHP0006,35.79063025,139.3447226,131
SHP0006,35.79108282,139.3445912,132
SHP0006,35.79136129,139.3445107,133
SHP0006,35.79157885,139.344441,134
SHP0006,35.79166804,139.3444169,135
SHP0006,35.79181163,139.3443847,136
SHP0006,35.79243819,139.3442023,137
SHP0006,35.79283632,139.3440762,138
SHP0006,35.79268621,139.3426037,139
SHP0006,35.79266663,139.342424,140
SHP0006,35.79261877,139.3418956,141
SHP0006,35.79260136,139.3416649,142
SHP0006,35.79253609,139.3409944,143
SHP0006,35.79250999,139.3406859,144
SHP0006,35.79248606,139.3404016,145
SHP0006,35.7924556,139.3400288,146
SHP0006,35.79242514,139.3395996,147
SHP0006,35.79239903,139.3392348,148
SHP0006,35.7923751,139.3388808,149
SHP0006,35.7923698,139.3388064,150
SHP0006,35.7923698,139.3388064,151
SHP0006,35.79235242,139.3385623,152
SHP0006,35.79233594,139.3383309,153
SHP0006,35.79230983,139.3380412,154
SHP0006,35.79219235,139.3368343,155
SHP0006,35.79214449,139.3363944,156
SHP0006,35.79214449,139.3363944,157
SHP0006,35.7921235,139.3361999,158
SHP0006,35.79205964,139.3356085,159
SHP0006,35.79203571,139.3353966,160
SHP0006,35.7919922,139.3348575,161
SHP0006,35.79193129,139.3342808,162
SHP0006,35.79178117,139.3333313,163
SHP0006,35.79174854,139.3331409,164
SHP0006,35.79173113,139.3330228,165
SHP0006,35.79166804,139.3326339,166
SHP0006,35.79166587,139.3326232,167
SHP0006,35.79144614,139.331266,168
SHP0006,35.79143743,139.331215,169
SHP0006,35.7914048,139.3310112,170
SHP0006,35.79128732,139.3301904,171
SHP0006,35.79118507,139.3295681,172
SHP0006,35.79108282,139.3289512,173
SHP0006,35.79102842,139.3286133,174
SHP0006,35.79098926,139.3283907,175
SHP0006,35.79085653,139.3276101,176
SHP0006,35.79059979,139.3261135,177
SHP0006,35.79051493,139.3256414,178
SHP0006,35.79038003,139.3249977,179
SHP0006,35.79038003,139.3249896,180
SHP0006,35.79033434,139.3246919,181
SHP0006,35.79019073,139.3249226,182
SHP0006,35.79013416,139.3249977,183
SHP0006,35.7897708,139.3254939,184
SHP0006,35.78898098,139.3266231,185
SHP0006,35.78855235,139.3271944,186
SHP0006,35.78818464,139.3276262,187
SHP0006,35.7879453,139.3278891,188
SHP0006,35.78782345,139.3280366,189
SHP0006,35.78764286,139.3282753,190
SHP0006,35.78742311,139.3286133,191
SHP0006,35.78740788,139.3286347,192
SHP0006,35.78736218,139.3287045,193
SHP0006,35.78712067,139.3290612,194
SHP0006,35.78677908,139.3295493,195
SHP0006,35.78677908,139.3295493,196
SHP0006,35.78668333,139.3296862,197
SHP0006,35.78646793,139.3300134,198
SHP0006,35.78641353,139.3300965,199
SHP0006,35.78614591,139.3304881,200
SHP0006,35.78600448,139.3307,201
SHP0006,35.78590004,139.3308529,202
SHP0006,35.78574121,139.3310916,203
SHP0006,35.7855889,139.3313169,204
SHP0006,35.78528646,139.3317729,205
SHP0006,35.78518637,139.3319365,206
SHP0006,35.78494051,139.332355,207
SHP0006,35.78478603,139.3326205,208
SHP0006,35.78468808,139.3327806,209
SHP0006,35.78461587,139.3328987,210
SHP0006,35.78461587,139.3328987,211
SHP0006,35.78458585,139.3329477,212
SHP0006,35.78455104,139.332996,213
SHP0006,35.78435522,139.3333098,214
SHP0006,35.78433998,139.3333313,215
SHP0006,35.78429212,139.3334064,216
SHP0006,35.78412893,139.3336585,217
SHP0006,35.78409847,139.3337068,218
SHP0006,35.7840506,139.3337792,219
SHP0006,35.78400926,139.3338409,220
SHP0006,35.78388089,139.3340421,221
SHP0006,35.7837177,139.3342915,222
SHP0006,35.78349795,139.334608,223
SHP0006,35.78339568,139.3347663,224
SHP0006,35.78336087,139.3348226,225
SHP0006,35.78333476,139.3348628,226
SHP0006,35.78327601,139.3349487,227
SHP0006,35.78313241,139.3351498,228
SHP0006,35.78294529,139.33541,229
SHP0006,35.78286043,139.3355307,230
SHP0006,35.78264938,139.3358284,231
SHP0006,35.7826298,139.3358579,232
SHP0006,35.78255147,139.3359759,233
SHP0006,35.7821707,139.3365821,234
SHP0006,35.78215547,139.3366089,235
SHP0006,35.78203147,139.3367929,236
SHP0006,35.78177031,139.3371803,237
SHP0006,35.78171156,139.3372393,238
SHP0006,35.78146213,139.3375927,239
SHP0006,35.78146213,139.3375927,240
SHP0006,35.78139168,139.3376926,241
SHP0006,35.78089989,139.338347,242
SHP0006,35.78052126,139.3388379,243
SHP0006,35.78037981,139.3390337,244
SHP0006,35.78024707,139.3392026,245
SHP0006,35.77994243,139.3395111,246
SHP0006,35.77983362,139.3395996,247
SHP0006,35.77945717,139.3399242,248
SHP0006,35.77919386,139.3402138,249
SHP0006,35.77892186,139.3405813,250
SHP0006,35.77837784,139.3413296,251
SHP0006,35.77811236,139.3416435,252
SHP0006,35.7780906,139.3416649,253
SHP0006,35.77804708,139.3417105,254
SHP0006,35.77800791,139.3417507,255
SHP0006,35.77737251,139.342204,256
SHP0006,35.77730287,139.3422657,257
SHP0006,35.77720761,139.3423282,258
SHP0006,35.77720761,139.3423282,259
SHP0006,35.7772006,139.3423328,260
SHP0006,35.77709607,139.3424171,261
SHP0006,35.77684808,139.3426171,262
SHP0006,35.77658042,139.3428853,263
SHP0006,35.77647815,139.3429846,264
SHP0006,35.77641069,139.3430382,265
SHP0006,35.77631712,139.3430999,266
SHP0006,35.77620832,139.3431535,267
SHP0006,35.77615174,139.3431723,268
SHP0006,35.77552286,139.3433279,269
SHP0006,35.77545105,139.3433386,270
SHP0006,35.77550328,139.3428317,271
SHP0006,35.77552504,139.3425286,272
SHP0006,35.77561643,139.3416649,273
SHP0006,35.7756556,139.3411419,274
SHP0006,35.77516381,139.3414691,275
SHP0006,35.77515293,139.3414986,276
SHP0006,35.7751377,139.3416649,277
SHP0006,35.7750884,139.3422328,278
SHP0006,35.7750884,139.3422328,279
SHP0006,35.77506807,139.3424669,280
SHP0006,35.77500061,139.3432742,281
SHP0006,35.77498755,139.3434271,282
SHP0006,35.77462633,139.3434888,283
SHP0006,35.7740475,139.3436095,284
SHP0006,35.77398874,139.3436229,285
SHP0006,35.77396263,139.343698,286
SHP0006,35.77350349,139.3438107,287
SHP0006,35.77325759,139.343867,288
SHP0006,35.77240231,139.3440655,289
SHP0006,35.77182559,139.3441942,290
SHP0006,35.77136204,139.3442962,291
SHP0006,35.77139903,139.3443739,292
SHP0006,35.7714295,139.3447092,293
SHP0006,35.77142297,139.3448031,294
SHP0006,35.77139686,139.3451867,295
SHP0006,35.77137509,139.3455085,296
SHP0006,35.77144474,139.3455434,297
SHP0006,35.77145779,139.3459457,298
SHP0006,35.77147177,139.3461795,299
SHP0007,35.78636484,139.3547281,1
SHP0007,35.78655931,139.3548104,2
SHP0007,35.78729256,139.3550169,3
SHP0007,35.78865026,139.3554059,4
SHP0007,35.78870901,139.355422,5
SHP0007,35.78927907,139.3555722,6
SHP0007,35.78957498,139.3556687,7
SHP0007,35.79017768,139.3559316,8
SHP0007,35.79043866,139.3560737,9
SHP0007,35.79043866,139.3560737,10
SHP0007,35.79045836,139.3560845,11
SHP0007,35.7906259,139.3561623,12
SHP0007,35.79069117,139.356181,13
SHP0007,35.79108282,139.356299,14
SHP0007,35.79116549,139.3563259,15
SHP0007,35.79125033,139.3563554,16
SHP0007,35.79166804,139.3565029,17
SHP0007,35.79200961,139.3566343,18
SHP0007,35.79185297,139.3573532,19
SHP0007,35.79166804,139.3582034,20
SHP0007,35.79163976,139.3583322,21
SHP0007,35.79162137,139.3584165,22
SHP0007,35.79160913,139.3584727,23
SHP0007,35.79160913,139.3584727,24
SHP0007,35.79150705,139.358941,25
SHP0007,35.79136782,139.359574,26
SHP0007,35.79133083,139.3598396,27
SHP0007,35.7913243,139.3599388,28
SHP0007,35.79133518,139.3601856,29
SHP0007,35.79138957,139.3606737,30
SHP0007,35.7913961,139.3607461,31
SHP0007,35.79149617,139.3615723,32
SHP0007,35.79152663,139.3618459,33
SHP0007,35.79154186,139.3619987,34
SHP0007,35.79161583,139.3627122,35
SHP0007,35.79162453,139.3628302,36
SHP0007,35.79161365,139.3630126,37
SHP0007,35.79159407,139.3631333,38
SHP0007,35.79143308,139.3638843,39
SHP0007,35.79140915,139.364064,40
SHP0007,35.79140231,139.364281,41
SHP0007,35.79139392,139.3645468,42
SHP0007,35.79138522,139.3647319,43
SHP0007,35.79138957,139.3648365,44
SHP0007,35.79143012,139.3653749,45
SHP0007,35.79143012,139.3653749,46
SHP0007,35.79147442,139.365963,47
SHP0007,35.79154186,139.3665934,48
SHP0007,35.79154404,139.3666658,49
SHP0007,35.79155056,139.3670091,50
SHP0007,35.79155056,139.3671298,51
SHP0007,35.79165281,139.3680364,52
SHP0007,35.79165499,139.3680686,53
SHP0007,35.79166804,139.3681732,54
SHP0007,35.79175942,139.3689778,55
SHP0007,35.79184862,139.3697745,56
SHP0007,35.79192694,139.3702841,57
SHP0007,35.79193129,139.3702975,58
SHP0007,35.79166804,139.3704504,59
SHP0007,35.79108282,139.3707803,60
SHP0007,35.79090222,139.3708849,61
SHP0007,35.79090222,139.3708849,62
SHP0007,35.79085347,139.3709119,63
SHP0007,35.79040832,139.3711585,64
SHP0007,35.7900406,139.3713516,65
SHP0007,35.78986219,139.3711853,66
SHP0007,35.78974034,139.3710271,67
SHP0007,35.78960544,139.3707374,68
SHP0007,35.78950535,139.3704423,69
SHP0007,35.78917898,139.3694794,70
SHP0007,35.78911806,139.3693024,71
SHP0007,35.78902233,139.3690369,72
SHP0007,35.78899622,139.3689778,73
SHP0007,35.78886132,139.3686908,74
SHP0007,35.78885238,139.3686753,75
SHP0007,35.78880592,139.3685944,76
SHP0007,35.78880592,139.3685944,77
SHP0007,35.78872424,139.3684521,78
SHP0007,35.7882151,139.3675724,79
SHP0007,35.78804104,139.367331,80
SHP0007,35.78803016,139.3673122,81
SHP0007,35.78749056,139.3666658,82
SHP0007,35.78709673,139.3661937,83
SHP0007,35.78695966,139.3660328,84
SHP0007,35.78678434,139.3658211,85
SHP0007,35.78664417,139.3656519,86
SHP0007,35.78659195,139.3655875,87
SHP0007,35.78637163,139.3653201,88
SHP0007,35.78637163,139.3653201,89
SHP0007,35.78587828,139.3647212,90
SHP0007,35.78572815,139.3644556,91
SHP0007,35.78570639,139.3644047,92
SHP0007,35.78557367,139.3640855,93
SHP0007,35.7854453,139.3637717,94
SHP0007,35.78537785,139.3636027,95
SHP0007,35.78535609,139.3635517,96
SHP0007,35.78526906,139.363313,97
SHP0007,35.78514503,139.363018,98
SHP0007,35.78496009,139.3625298,99
SHP0007,35.78494268,139.3624815,100
SHP0007,35.78491222,139.3624038,101
SHP0007,35.78482371,139.3621683,102
SHP0007,35.78482371,139.3621683,103
SHP0007,35.7847882,139.3620738,104
SHP0007,35.78477515,139.3620417,105
SHP0007,35.78464895,139.3617466,106
SHP0007,35.7845728,139.3615723,107
SHP0007,35.7845184,139.3614542,108
SHP0007,35.7844466,139.3613309,109
SHP0007,35.78437262,139.3612289,110
SHP0007,35.78421596,139.3610573,111
SHP0007,35.78412676,139.3609849,112
SHP0007,35.78385478,139.3607944,113
SHP0007,35.78372205,139.3606898,114
SHP0007,35.78365025,139.3606201,115
SHP0007,35.78353276,139.3604565,116
SHP0007,35.78347619,139.3603465,117
SHP0007,35.78333476,139.3599522,118
SHP0007,35.78329342,139.3598396,119
SHP0007,35.7831607,139.3594989,120
SHP0007,35.78307802,139.3592897,121
SHP0007,35.78268781,139.3586448,122
SHP0007,35.78268781,139.3586448,123
SHP0007,35.78259861,139.3584974,124
SHP0007,35.78257976,139.3584663,125
SHP0007,35.7824862,139.3583322,126
SHP0007,35.78245573,139.3582892,127
SHP0007,35.78224468,139.3579566,128
SHP0007,35.7821707,139.3578386,129
SHP0007,35.78151136,139.3567979,130
SHP0007,35.78142649,139.3566424,131
SHP0007,35.78095373,139.3558388,132
SHP0007,35.78095373,139.3558388,133
SHP0007,35.78086942,139.3556955,134
SHP0007,35.7807715,139.3555158,135
SHP0007,35.78076497,139.3555024,136
SHP0007,35.7806714,139.3552986,137
SHP0007,35.7804625,139.3548426,138
SHP0007,35.78039722,139.3546012,139
SHP0007,35.78020138,139.3544456,140
SHP0007,35.78000335,139.3543088,141
SHP0007,35.77987062,139.3542016,142
SHP0007,35.77974658,139.3541238,143
SHP0007,35.77948763,139.3539199,144
SHP0007,35.77938753,139.3538529,145
SHP0007,35.77880217,139.3534264,146
SHP0007,35.7787543,139.3533996,147
SHP0007,35.77830603,139.3530777,148
SHP0007,35.77817982,139.3529758,149
SHP0007,35.7779731,139.3528149,150
SHP0007,35.77768151,139.352611,151
SHP0007,35.77740297,139.3524367,152
SHP0007,35.776946,139.3521014,153
SHP0007,35.77661524,139.3518573,154
SHP0007,35.7762823,139.3515998,155
SHP0007,35.7759559,139.3512726,156
SHP0007,35.77574482,139.3509829,157
SHP0007,35.77570565,139.3509105,158
SHP0007,35.77556421,139.3506396,159
SHP0007,35.77553809,139.3505859,160
SHP0007,35.77524215,139.3499985,161
SHP0007,35.77512247,139.3497866,162
SHP0007,35.77500714,139.349623,163
SHP0007,35.77500061,139.3496123,164
SHP0007,35.77484176,139.3493897,165
SHP0007,35.77465897,139.3491831,166
SHP0007,35.77450447,139.3490705,167
SHP0007,35.77443919,139.3489578,168
SHP0007,35.77366887,139.3484482,169
SHP0007,35.77332505,139.348231,170
SHP0007,35.77325759,139.3482041,171
SHP0007,35.77299861,139.3481237,172
SHP0007,35.77287892,139.3481022,173
SHP0007,35.77209327,139.3479654,174
SHP0007,35.77143821,139.3478635,175
SHP0007,35.77126628,139.3478286,176
SHP0007,35.77112482,139.3478099,177
SHP0007,35.77063298,139.3477347,178
SHP0007,35.77074179,139.3475577,179
SHP0007,35.77079185,139.3474746,180
SHP0007,35.77081361,139.3474317,181
SHP0007,35.77089631,139.3472734,182
SHP0007,35.77092678,139.3472117,183
SHP0007,35.77095922,139.3471377,184
SHP0008,35.77095922,139.3471377,1
SHP0008,35.77098554,139.3470776,2
SHP0008,35.77117488,139.3471098,3
SHP0008,35.77117052,139.3472654,4
SHP0008,35.77109435,139.3475792,5
SHP0008,35.77108347,139.3476275,6
SHP0008,35.77107912,139.3476892,7
SHP0008,35.77112482,139.3478099,8
SHP0008,35.77126628,139.3478286,9
SHP0008,35.77143821,139.3478635,10
SHP0008,35.77209327,139.3479654,11
SHP0008,35.77287892,139.3481022,12
SHP0008,35.77299861,139.3481237,13
SHP0008,35.77325759,139.3482041,14
SHP0008,35.77332505,139.348231,15
SHP0008,35.77366887,139.3484482,16
SHP0008,35.77443919,139.3489578,17
SHP0008,35.77450447,139.3490705,18
SHP0008,35.77465897,139.3491831,19
SHP0008,35.77484176,139.3493897,20
SHP0008,35.77500061,139.3496123,21
SHP0008,35.77500714,139.349623,22
SHP0008,35.77512247,139.3497866,23
SHP0008,35.77524215,139.3499985,24
SHP0008,35.77553809,139.3505859,25
SHP0008,35.77556421,139.3506396,26
SHP0008,35.77570565,139.3509105,27
SHP0008,35.77574482,139.3509829,28
SHP0008,35.7759559,139.3512726,29
SHP0008,35.7762823,139.3515998,30
SHP0008,35.77661524,139.3518573,31
SHP0008,35.776946,139.3521014,32
SHP0008,35.77740297,139.3524367,33
SHP0008,35.77768151,139.352611,34
SHP0008,35.7779731,139.3528149,35
SHP0008,35.77817982,139.3529758,36
SHP0008,35.77830603,139.3530777,37
SHP0008,35.7787543,139.3533996,38
SHP0008,35.77880217,139.3534264,39
SHP0008,35.77938753,139.3538529,40
SHP0008,35.77948763,139.3539199,41
SHP0008,35.77974658,139.3541238,42
SHP0008,35.77987062,139.3542016,43
SHP0008,35.78000335,139.3543088,44
SHP0008,35.78020138,139.3544456,45
SHP0008,35.78039722,139.3546012,46
SHP0008,35.7804625,139.3548426,47
SHP0008,35.7806714,139.3552986,48
SHP0008,35.78076497,139.3555024,49
SHP0008,35.7807715,139.3555158,50
SHP0008,35.78086942,139.3556955,51
SHP0008,35.78095373,139.3558388,52
SHP0008,35.78095373,139.3558388,53
SHP0008,35.78142649,139.3566424,54
SHP0008,35.78151136,139.3567979,55
SHP0008,35.7821707,139.3578386,56
SHP0008,35.78224468,139.3579566,57
SHP0008,35.78245573,139.3582892,58
SHP0008,35.7824862,139.3583322,59
SHP0008,35.78257976,139.3584663,60
SHP0008,35.78259861,139.3584974,61
SHP0008,35.78259861,139.3584974,62
SHP0008,35.78268781,139.3586448,63
SHP0008,35.78307802,139.3592897,64
SHP0008,35.7831607,139.3594989,65
SHP0008,35.78329342,139.3598396,66
SHP0008,35.78333476,139.3599522,67
SHP0008,35.78347619,139.3603465,68
SHP0008,35.78353276,139.3604565,69
SHP0008,35.78365025,139.3606201,70
SHP0008,35.78372205,139.3606898,71
SHP0008,35.78385478,139.3607944,72
SHP0008,35.78412676,139.3609849,73
SHP0008,35.78421596,139.3610573,74
SHP0008,35.78437262,139.3612289,75
SHP0008,35.7844466,139.3613309,76
SHP0008,35.7845184,139.3614542,77
SHP0008,35.7845728,139.3615723,78
SHP0008,35.78464895,139.3617466,79
SHP0008,35.78464895,139.3617466,80
SHP0008,35.78477515,139.3620417,81
SHP0008,35.7847882,139.3620738,82
SHP0008,35.78482371,139.3621683,83
SHP0008,35.78491222,139.3624038,84
SHP0008,35.78494268,139.3624815,85
SHP0008,35.78496009,139.3625298,86
SHP0008,35.78514503,139.363018,87
SHP0008,35.78526906,139.363313,88
SHP0008,35.78535609,139.3635517,89
SHP0008,35.78537785,139.3636027,90
SHP0008,35.7854453,139.3637717,91
SHP0008,35.78557367,139.3640855,92
SHP0008,35.78570639,139.3644047,93
SHP0008,35.78572815,139.3644556,94
SHP0008,35.78587828,139.3647212,95
SHP0008,35.78637163,139.3653201,96
SHP0008,35.78659195,139.3655875,97
SHP0008,35.78664417,139.3656519,98
SHP0008,35.78678434,139.3658211,99
SHP0008,35.78678434,139.3658211,100
SHP0008,35.78695966,139.3660328,101
SHP0008,35.78709673,139.3661937,102
SHP0008,35.78749056,139.3666658,103
SHP0008,35.78803016,139.3673122,104
SHP0008,35.78804104,139.367331,105
SHP0008,35.7882151,139.3675724,106
SHP0008,35.78872424,139.3684521,107
SHP0008,35.78880592,139.3685944,108
SHP0008,35.78885238,139.3686753,109
SHP0008,35.78885238,139.3686753,110
SHP0008,35.78886132,139.3686908,111
SHP0008,35.78899622,139.3689778,112
SHP0008,35.78902233,139.3690369,113
SHP0008,35.78911806,139.3693024,114
SHP0008,35.78917898,139.3694794,115
SHP0008,35.78950535,139.3704423,116
SHP0008,35.78960544,139.3707374,117
SHP0008,35.78974034,139.3710271,118
SHP0008,35.78986219,139.3711853,119
SHP0008,35.7900406,139.3713516,120
SHP0008,35.79040832,139.3711585,121
SHP0008,35.79085347,139.3709119,122
SHP0008,35.79085347,139.3709119,123
SHP0008,35.79090222,139.3708849,124
SHP0008,35.79108282,139.3707803,125
SHP0008,35.79166804,139.3704504,126
SHP0008,35.79193129,139.3702975,127
SHP0008,35.79192694,139.3702841,128
SHP0008,35.79184862,139.3697745,129
SHP0008,35.79175942,139.3689778,130
SHP0008,35.79166804,139.3681732,131
SHP0008,35.79165499,139.3680686,132
SHP0008,35.79165281,139.3680364,133
SHP0008,35.79155056,139.3671298,134
SHP0008,35.79155056,139.3670091,135
SHP0008,35.79154404,139.3666658,136
SHP0008,35.79154186,139.3665934,137
SHP0008,35.79147442,139.365963,138
SHP0008,35.79143012,139.3653749,139
SHP0008,35.79138957,139.3648365,140
SHP0008,35.79138522,139.3647319,141
SHP0008,35.79139392,139.3645468,142
SHP0008,35.79140231,139.364281,143
SHP0008,35.79140231,139.364281,144
SHP0008,35.79140915,139.364064,145
SHP0008,35.79143308,139.3638843,146
SHP0008,35.79159407,139.3631333,147
SHP0008,35.79161365,139.3630126,148
SHP0008,35.79162453,139.3628302,149
SHP0008,35.79161583,139.3627122,150
SHP0008,35.79154186,139.3619987,151
SHP0008,35.79152663,139.3618459,152
SHP0008,35.79149617,139.3615723,153
SHP0008,35.7913961,139.3607461,154
SHP0008,35.79138957,139.3606737,155
SHP0008,35.79133518,139.3601856,156
SHP0008,35.7913243,139.3599388,157
SHP0008,35.79133083,139.3598396,158
SHP0008,35.79136782,139.359574,159
SHP0008,35.79150705,139.358941,160
SHP0008,35.79160913,139.3584727,161
SHP0008,35.79162137,139.3584165,162
SHP0008,35.79162137,139.3584165,163
SHP0008,35.79163976,139.3583322,164
SHP0008,35.79166804,139.3582034,165
SHP0008,35.79185297,139.3573532,166
SHP0008,35.79200961,139.3566343,167
SHP0008,35.79214014,139.3560496,168
SHP0008,35.7921619,139.3559557,169
SHP0008,35.79226197,139.3554622,170
SHP0008,35.7923151,139.3551586,171
SHP0008,35.7923151,139.3551586,172
SHP0008,35.7923751,139.3548158,173
SHP0008,35.79241209,139.3546039,174
SHP0008,35.79251869,139.3538475,175
SHP0008,35.79258831,139.3533459,176
SHP0008,35.79263835,139.3530723,177
SHP0008,35.79264705,139.3530241,178
SHP0008,35.79266228,139.3529114,179
SHP0008,35.79271667,139.3525305,180
SHP0008,35.79277541,139.3521202,181
SHP0008,35.79288326,139.3513745,182
SHP0008,35.79288326,139.3513745,183
SHP0008,35.79299731,139.3505859,184
SHP0008,35.79300384,139.3505323,185
SHP0008,35.79306258,139.3501595,186
SHP0008,35.79308869,139.3499985,187
SHP0008,35.79312132,139.3497974,188
SHP0008,35.79318876,139.3492958,189
SHP0008,35.79321052,139.3490142,190
SHP0008,35.7932214,139.3486896,191
SHP0008,35.79321269,139.348298,192
SHP0008,35.79319964,139.3480915,193
SHP0008,35.79316048,139.3476972,194
SHP0008,35.7931409,139.3474907,195
SHP0008,35.79310392,139.3471232,196
SHP0008,35.79306258,139.3466324,197
SHP0008,35.79305823,139.3466002,198
SHP0008,35.79303865,139.3463695,199
SHP0008,35.79293146,139.3451546,200
SHP0008,35.79293146,139.3451546,201
SHP0008,35.79283632,139.3440762,202
SHP0008,35.79243819,139.3442023,203
SHP0008,35.79181163,139.3443847,204
SHP0008,35.79166804,139.3444169,205
SHP0008,35.79157885,139.344441,206
SHP0008,35.79136129,139.3445107,207
SHP0008,35.79108282,139.3445912,208
SHP0008,35.79063025,139.3447226,209
SHP0008,35.79047577,139.3447736,210
SHP0008,35.79012141,139.3448735,211
SHP0008,35.79004617,139.3448947,212
SHP0008,35.79004617,139.3448947,213
SHP0008,35.78953364,139.3450391,214
SHP0008,35.78945966,139.3450606,215
SHP0008,35.78920727,139.3451893,216
SHP0008,35.78862633,139.3455729,217
SHP0008,35.78850883,139.3456587,218
SHP0008,35.7881346,139.3458813,219
SHP0008,35.78809543,139.3458894,220
SHP0008,35.78803668,139.3459028,221
SHP0008,35.78778864,139.3460798,222
SHP0008,35.78720335,139.3465251,223
SHP0008,35.78670734,139.3468949,224
SHP0008,35.78666375,139.3469274,225
SHP0008,35.78597837,139.3474531,226
SHP0008,35.78592615,139.3474934,227
SHP0008,35.78561718,139.3477294,228
SHP0008,35.78544747,139.3478635,229
SHP0008,35.78544747,139.3478635,230
SHP0008,35.78508194,139.3481371,231
SHP0008,35.78495356,139.3481827,232
SHP0008,35.78475339,139.3481988,233
SHP0008,35.78438785,139.3481451,234
SHP0008,35.7847077,139.3499985,235
SHP0008,35.78480996,139.3505859,236
SHP0008,35.78487741,139.3510285,237
SHP0008,35.78491222,139.3513316,238
SHP0008,35.7849231,139.3514764,239
SHP0008,35.78492745,139.3517017,240
SHP0008,35.78492528,139.3517849,241
SHP0008,35.7849231,139.3519378,242
SHP0008,35.78491222,139.3521121,243
SHP0008,35.78485783,139.3526512,244
SHP0008,35.78472945,139.3537456,245
SHP0008,35.78470117,139.3539467,246
SHP0008,35.78488829,139.3540165,247
SHP0008,35.78537785,139.3542579,248
SHP0008,35.78619813,139.3546575,249
SHP0008,35.78636484,139.3547281,250
SHP0008,35.78636484,139.3547281,251
SHP0008,35.78655931,139.3548104,252
SHP0008,35.78729256,139.3550169,253
SHP0008,35.78865026,139.3554059,254
SHP0008,35.78870901,139.355422,255
SHP0008,35.78927907,139.3555722,256
SHP0008,35.78957498,139.3556687,257
SHP0008,35.79017768,139.3559316,258
SHP0008,35.79043866,139.3560737,259
SHP0008,35.79043866,139.3560737,260
SHP0008,35.79045836,139.3560845,261
SHP0008,35.7906259,139.3561623,262
SHP0008,35.79069117,139.356181,263
SHP0008,35.79108282,139.356299,264
SHP0008,35.79116549,139.3563259,265
SHP0008,35.79125033,139.3563554,266
SHP0008,35.79166804,139.3565029,267
SHP0008,35.79200961,139.3566343,268
SHP0008,35.79185297,139.3573532,269
SHP0008,35.79166804,139.3582034,270
SHP0008,35.79163976,139.3583322,271
SHP0008,35.79162137,139.3584165,272
SHP0008,35.79160913,139.3584727,273
SHP0008,35.79160913,139.3584727,274
SHP0008,35.79150705,139.358941,275
SHP0008,35.79136782,139.359574,276
SHP0008,35.79133083,139.3598396,277
SHP0008,35.7913243,139.3599388,278
SHP0008,35.79133518,139.3601856,279
SHP0008,35.79138957,139.3606737,280
SHP0008,35.7913961,139.3607461,281
SHP0008,35.79149617,139.3615723,282
SHP0008,35.79152663,139.3618459,283
SHP0008,35.79154186,139.3619987,284
SHP0008,35.79161583,139.3627122,285
SHP0008,35.79162453,139.3628302,286
SHP0008,35.79161365,139.3630126,287
SHP0008,35.79159407,139.3631333,288
SHP0008,35.79143308,139.3638843,289
SHP0008,35.79140915,139.364064,290
SHP0008,35.79140231,139.364281,291
SHP0008,35.79139392,139.3645468,292
SHP0008,35.79138522,139.3647319,293
SHP0008,35.79138957,139.3648365,294
SHP0008,35.79143012,139.3653749,295
SHP0008,35.79143012,139.3653749,296
SHP0008,35.79147442,139.365963,297
SHP0008,35.79154186,139.3665934,298
SHP0008,35.79154404,139.3666658,299
SHP0008,35.79155056,139.3670091,300
SHP0008,35.79155056,139.3671298,301
SHP0008,35.79165281,139.3680364,302
SHP0008,35.79165499,139.3680686,303
SHP0008,35.79166804,139.3681732,304
SHP0008,35.79175942,139.3689778,305
SHP0008,35.79184862,139.3697745,306
SHP0008,35.79192694,139.3702841,307
SHP0008,35.79193129,139.3702975,308
SHP0008,35.79166804,139.3704504,309
SHP0008,35.79108282,139.3707803,310
SHP0008,35.79090222,139.3708849,311
SHP0008,35.79090222,139.3708849,312
SHP0008,35.79085347,139.3709119,313
SHP0008,35.79040832,139.3711585,314
SHP0008,35.7900406,139.3713516,315
SHP0008,35.78986219,139.3711853,316
SHP0008,35.78974034,139.3710271,317
SHP0008,35.78960544,139.3707374,318
SHP0008,35.78950535,139.3704423,319
SHP0008,35.78917898,139.3694794,320
SHP0008,35.78911806,139.3693024,321
SHP0008,35.78902233,139.3690369,322
SHP0008,35.78899622,139.3689778,323
SHP0008,35.78886132,139.3686908,324
SHP0008,35.78885238,139.3686753,325
SHP0008,35.78880592,139.3685944,326
SHP0008,35.78880592,139.3685944,327
SHP0008,35.78872424,139.3684521,328
SHP0008,35.7882151,139.3675724,329
SHP0008,35.78804104,139.367331,330
SHP0008,35.78803016,139.3673122,331
SHP0008,35.78749056,139.3666658,332
SHP0008,35.78709673,139.3661937,333
SHP0008,35.78695966,139.3660328,334
SHP0008,35.78678434,139.3658211,335
SHP0008,35.78664417,139.3656519,336
SHP0008,35.78659195,139.3655875,337
SHP0008,35.78637163,139.3653201,338
SHP0008,35.78637163,139.3653201,339
SHP0008,35.78587828,139.3647212,340
SHP0008,35.78572815,139.3644556,341
SHP0008,35.78570639,139.3644047,342
SHP0008,35.78557367,139.3640855,343
SHP0008,35.7854453,139.3637717,344
SHP0008,35.78537785,139.3636027,345
SHP0008,35.78535609,139.3635517,346
SHP0008,35.78526906,139.363313,347
SHP0008,35.78514503,139.363018,348
SHP0008,35.78496009,139.3625298,349
SHP0008,35.78494268,139.3624815,350
SHP0008,35.78491222,139.3624038,351
SHP0008,35.78482371,139.3621683,352
SHP0008,35.78482371,139.3621683,353
SHP0008,35.7847882,139.3620738,354
SHP0008,35.78477515,139.3620417,355
SHP0008,35.78464895,139.3617466,356
SHP0008,35.7845728,139.3615723,357
SHP0008,35.7845184,139.3614542,358
SHP0008,35.7844466,139.3613309,359
SHP0008,35.78437262,139.3612289,360
SHP0008,35.78421596,139.3610573,361
SHP0008,35.78412676,139.3609849,362
SHP0008,35.78385478,139.3607944,363
SHP0008,35.78372205,139.3606898,364
SHP0008,35.78365025,139.3606201,365
SHP0008,35.78353276,139.3604565,366
SHP0008,35.78347619,139.3603465,367
SHP0008,35.78333476,139.3599522,368
SHP0008,35.78329342,139.3598396,369
SHP0008,35.7831607,139.3594989,370
SHP0008,35.78307802,139.3592897,371
SHP0008,35.78268781,139.3586448,372
SHP0008,35.78268781,139.3586448,373
SHP0008,35.78259861,139.3584974,374
SHP0008,35.78257976,139.3584663,375
SHP0008,35.7824862,139.3583322,376
SHP0008,35.78245573,139.3582892,377
SHP0008,35.78224468,139.3579566,378
SHP0008,35.7821707,139.3578386,379
SHP0008,35.78151136,139.3567979,380
SHP0008,35.78142649,139.3566424,381
SHP0008,35.78095373,139.3558388,382
SHP0008,35.78095373,139.3558388,383
SHP0008,35.78086942,139.3556955,384
SHP0008,35.7807715,139.3555158,385
SHP0008,35.78076497,139.3555024,386
SHP0008,35.7806714,139.3552986,387
SHP0008,35.7804625,139.3548426,388
SHP0008,35.78039722,139.3546012,389
SHP0008,35.78020138,139.3544456,390
SHP0008,35.78000335,139.3543088,391
SHP0008,35.77987062,139.3542016,392
SHP0008,35.77974658,139.3541238,393
SHP0008,35.77948763,139.3539199,394
SHP0008,35.77938753,139.3538529,395
SHP0008,35.77880217,139.3534264,396
SHP0008,35.7787543,139.3533996,397
SHP0008,35.77830603,139.3530777,398
SHP0008,35.77817982,139.3529758,399
SHP0008,35.7779731,139.3528149,400
SHP0008,35.77768151,139.352611,401
SHP0008,35.77740297,139.3524367,402
SHP0008,35.776946,139.3521014,403
SHP0008,35.77661524,139.3518573,404
SHP0008,35.7762823,139.3515998,405
SHP0008,35.7759559,139.3512726,406
SHP0008,35.77574482,139.3509829,407
SHP0008,35.77570565,139.3509105,408
SHP0008,35.77556421,139.3506396,409
SHP0008,35.77553809,139.3505859,410
SHP0008,35.77524215,139.3499985,411
SHP0008,35.77512247,139.3497866,412
SHP0008,35.77500714,139.349623,413
SHP0008,35.77500061,139.3496123,414
SHP0008,35.77484176,139.3493897,415
SHP0008,35.77465897,139.3491831,416
SHP0008,35.77450447,139.3490705,417
SHP0008,35.77443919,139.3489578,418
SHP0008,35.77366887,139.3484482,419
SHP0008,35.77332505,139.348231,420
SHP0008,35.77325759,139.3482041,421
SHP0008,35.77299861,139.3481237,422
SHP0008,35.77287892,139.3481022,423
SHP0008,35.77209327,139.3479654,424
SHP0008,35.77143821,139.3478635,425
SHP0008,35.77126628,139.3478286,426
SHP0008,35.77112482,139.3478099,427
SHP0008,35.77063298,139.3477347,428
SHP0008,35.77074179,139.3475577,429
SHP0008,35.77079185,139.3474746,430
SHP0008,35.77081361,139.3474317,431
SHP0008,35.77089631,139.3472734,432
SHP0008,35.77092678,139.3472117,433
SHP0008,35.77095922,139.3471377,434
SHP0009,35.77095922,139.3471377,1
SHP0009,35.77098554,139.3470776,2
SHP0009,35.77117488,139.3471098,3
SHP0009,35.77117052,139.3472654,4
SHP0009,35.77109435,139.3475792,5
SHP0009,35.77108347,139.3476275,6
SHP0009,35.77107912,139.3476892,7
SHP0009,35.77112482,139.3478099,8
SHP0009,35.77126628,139.3478286,9
SHP0009,35.77143821,139.3478635,10
SHP0009,35.77209327,139.3479654,11
SHP0009,35.77287892,139.3481022,12
SHP0009,35.77299861,139.3481237,13
SHP0009,35.77325759,139.3482041,14
SHP0009,35.77332505,139.348231,15
SHP0009,35.77325759,139.3483758,16
SHP0009,35.77307043,139.3487835,17
SHP0009,35.77285062,139.3491831,18
SHP0009,35.77278751,139.3492663,19
SHP0009,35.772522,139.3497759,20
SHP0009,35.77239795,139.3499985,21
SHP0009,35.77236966,139.3500468,22
SHP0009,35.77207804,139.3505859,23
SHP0009,35.77205845,139.3506208,24
SHP0009,35.77149697,139.351294,25
SHP0009,35.77132504,139.351522,26
SHP0009,35.771127,139.3517795,27
SHP0009,35.77106606,139.3518814,28
SHP0009,35.77094636,139.3520504,29
SHP0009,35.77059163,139.3525466,30
SHP0009,35.77085061,139.3527505,31
SHP0009,35.77089849,139.352788,32
SHP0009,35.77107694,139.3529087,33
SHP0009,35.77122275,139.3530214,34
SHP0009,35.77131633,139.3530938,35
SHP0009,35.77137727,139.3531206,36
SHP0009,35.77158184,139.3532869,37
SHP0009,35.77182994,139.3534747,38
SHP0009,35.77212552,139.3537007,39
SHP0009,35.77212552,139.3537007,40
SHP0009,35.77230002,139.3538341,41
SHP0009,35.77273746,139.3541399,42
SHP0009,35.77295944,139.3537053,43
SHP0009,35.77308566,139.3534371,44
SHP0009,35.77322712,139.3531662,45
SHP0009,35.77325759,139.3530938,46
SHP0009,35.77334681,139.3528873,47
SHP0009,35.77357747,139.3522355,48
SHP0009,35.77379508,139.351581,49
SHP0009,35.77415195,139.3517876,50
SHP0009,35.77500061,139.3522757,51
SHP0009,35.77507024,139.3523186,52
SHP0009,35.7752835,139.3524286,53
SHP0009,35.77546411,139.3525225,54
SHP0009,35.77552504,139.3525332,55
SHP0009,35.77578834,139.3525171,56
SHP0009,35.77598201,139.3525305,57
SHP0009,35.77637587,139.3525761,58
SHP0009,35.77651379,139.3525838,59
SHP0009,35.77651379,139.3525838,60
SHP0009,35.77656954,139.3525869,61
SHP0009,35.77708309,139.3526566,62
SHP0009,35.77746608,139.3526566,63
SHP0009,35.77759882,139.3526325,64
SHP0009,35.77768151,139.352611,65
SHP0009,35.77779901,139.3525815,66
SHP0009,35.77803185,139.3525305,67
SHP0009,35.77831256,139.3525171,68
SHP0009,35.77841919,139.3525279,69
SHP0009,35.77855628,139.3525413,70
SHP0009,35.77910682,139.3525976,71
SHP0009,35.77986626,139.3526781,72
SHP0009,35.78026286,139.3527144,73
SHP0009,35.78026286,139.3527144,74
SHP0009,35.78060616,139.3527459,75
SHP0009,35.78106527,139.352788,76
SHP0009,35.78118278,139.3528014,77
SHP0009,35.78151136,139.3528631,78
SHP0009,35.78183777,139.3529356,79
SHP0009,35.78213153,139.3530026,80
SHP0009,35.7821707,139.3530107,81
SHP0009,35.78246009,139.3530858,82
SHP0009,35.7827016,139.3531528,83
SHP0009,35.78273424,139.3531609,84
SHP0009,35.78305191,139.3532789,85
SHP0009,35.78321294,139.3533491,86
SHP0009,35.78321294,139.3533491,87
SHP0009,35.78333476,139.3534023,88
SHP0009,35.78333732,139.3534034,89
SHP0009,35.78406583,139.3537295,90
SHP0009,35.78407671,139.3537349,91
SHP0009,35.7842399,139.3537885,92
SHP0009,35.78470117,139.3539467,93
SHP0009,35.78466853,139.3542069,94
SHP0009,35.78454451,139.3552503,95
SHP0009,35.78453363,139.3553737,96
SHP0009,35.7844466,139.3561596,97
SHP0009,35.78443354,139.3563741,98
SHP0009,35.78442702,139.3565914,99
SHP0009,35.78443354,139.356747,100
SHP0009,35.78445748,139.3569079,101
SHP0009,35.78450752,139.3571654,102
SHP0009,35.78454451,139.3572861,103
SHP0009,35.78427036,139.3572915,104
SHP0009,35.78420073,139.3572861,105
SHP0009,35.78407671,139.3572459,106
SHP0009,35.78401579,139.3572083,107
SHP0009,35.78339786,139.356747,108
SHP0009,35.78333476,139.3567014,109
SHP0009,35.7832956,139.3566826,110
SHP0009,35.78293224,139.3564278,111
SHP0009,35.78257976,139.3561596,112
SHP0009,35.78253189,139.3561274,113
SHP0009,35.7821707,139.3558645,114
SHP0009,35.78148307,139.355371,115
SHP0009,35.78127635,139.3552127,116
SHP0009,35.78039722,139.3546012,117
SHP0009,35.7804625,139.3548426,118
SHP0009,35.7806714,139.3552986,119
SHP0009,35.78076497,139.3555024,120
SHP0009,35.7807715,139.3555158,121
SHP0009,35.78086942,139.3556955,122
SHP0009,35.78095373,139.3558388,123
SHP0009,35.78095373,139.3558388,124
SHP0009,35.78142649,139.3566424,125
SHP0009,35.78151136,139.3567979,126
SHP0009,35.7821707,139.3578386,127
SHP0009,35.78224468,139.3579566,128
SHP0009,35.78245573,139.3582892,129
SHP0009,35.7824862,139.3583322,130
SHP0009,35.78257976,139.3584663,131
SHP0009,35.78259861,139.3584974,132
SHP0009,35.78259861,139.3584974,133
SHP0009,35.78268781,139.3586448,134
SHP0009,35.78307802,139.3592897,135
SHP0009,35.7831607,139.3594989,136
SHP0009,35.78329342,139.3598396,137
SHP0009,35.78333476,139.3599522,138
SHP0009,35.78347619,139.3603465,139
SHP0009,35.78353276,139.3604565,140
SHP0009,35.78365025,139.3606201,141
SHP0009,35.78372205,139.3606898,142
SHP0009,35.78385478,139.3607944,143
SHP0009,35.78412676,139.3609849,144
SHP0009,35.78421596,139.3610573,145
SHP0009,35.78437262,139.3612289,146
SHP0009,35.7844466,139.3613309,147
SHP0009,35.7845184,139.3614542,148
SHP0009,35.7845728,139.3615723,149
SHP0009,35.78464895,139.3617466,150
SHP0009,35.78464895,139.3617466,151
SHP0009,35.78477515,139.3620417,152
SHP0009,35.7847882,139.3620738,153
SHP0009,35.78482371,139.3621683,154
SHP0009,35.78491222,139.3624038,155
SHP0009,35.78494268,139.3624815,156
SHP0009,35.78496009,139.3625298,157
SHP0009,35.78514503,139.363018,158
SHP0009,35.78526906,139.363313,159
SHP0009,35.78535609,139.3635517,160
SHP0009,35.78537785,139.3636027,161
SHP0009,35.7854453,139.3637717,162
SHP0009,35.78557367,139.3640855,163
SHP0009,35.78570639,139.3644047,164
SHP0009,35.78572815,139.3644556,165
SHP0009,35.78587828,139.3647212,166
SHP0009,35.78637163,139.3653201,167
SHP0009,35.78659195,139.3655875,168
SHP0009,35.78664417,139.3656519,169
SHP0009,35.78678434,139.3658211,170
SHP0009,35.78678434,139.3658211,171
SHP0009,35.78695966,139.3660328,172
SHP0009,35.78709673,139.3661937,173
SHP0009,35.78749056,139.3666658,174
SHP0009,35.78803016,139.3673122,175
SHP0009,35.78804104,139.367331,176
SHP0009,35.7882151,139.3675724,177
SHP0009,35.78872424,139.3684521,178
SHP0009,35.78880592,139.3685944,179
SHP0009,35.78885238,139.3686753,180
SHP0009,35.78885238,139.3686753,181
SHP0009,35.78886132,139.3686908,182
SHP0009,35.78899622,139.3689778,183
SHP0009,35.78902233,139.3690369,184
SHP0009,35.78911806,139.3693024,185
SHP0009,35.78917898,139.3694794,186
SHP0009,35.78950535,139.3704423,187
SHP0009,35.78960544,139.3707374,188
SHP0009,35.78974034,139.3710271,189
SHP0009,35.78986219,139.3711853,190
SHP0009,35.7900406,139.3713516,191
SHP0009,35.79040832,139.3711585,192
SHP0009,35.79085347,139.3709119,193
SHP0009,35.79085347,139.3709119,194
SHP0009,35.79090222,139.3708849,195
SHP0009,35.79108282,139.3707803,196
SHP0009,35.79166804,139.3704504,197
SHP0009,35.79193129,139.3702975,198
SHP0009,35.79192694,139.3702841,199
SHP0009,35.79184862,139.3697745,200
SHP0009,35.79175942,139.3689778,201
SHP0009,35.79166804,139.3681732,202
SHP0009,35.79165499,139.3680686,203
SHP0009,35.79165281,139.3680364,204
SHP0009,35.79155056,139.3671298,205
SHP0009,35.79155056,139.3670091,206
SHP0009,35.79154404,139.3666658,207
SHP0009,35.79154186,139.3665934,208
SHP0009,35.79147442,139.365963,209
SHP0009,35.79143012,139.3653749,210
SHP0009,35.79138957,139.3648365,211
SHP0009,35.79138522,139.3647319,212
SHP0009,35.79139392,139.3645468,213
SHP0009,35.79140231,139.364281,214
SHP0009,35.79140231,139.364281,215
SHP0009,35.79140915,139.364064,216
SHP0009,35.79143308,139.3638843,217
SHP0009,35.79159407,139.3631333,218
SHP0009,35.79161365,139.3630126,219
SHP0009,35.79162453,139.3628302,220
SHP0009,35.79161583,139.3627122,221
SHP0009,35.79154186,139.3619987,222
SHP0009,35.79152663,139.3618459,223
SHP0009,35.79149617,139.3615723,224
SHP0009,35.7913961,139.3607461,225
SHP0009,35.79138957,139.3606737,226
SHP0009,35.79133518,139.3601856,227
SHP0009,35.7913243,139.3599388,228
SHP0009,35.79133083,139.3598396,229
SHP0009,35.79136782,139.359574,230
SHP0009,35.79150705,139.358941,231
SHP0009,35.79160913,139.3584727,232
SHP0009,35.79162137,139.3584165,233
SHP0009,35.79162137,139.3584165,234
SHP0009,35.79163976,139.3583322,235
SHP0009,35.79166804,139.3582034,236
SHP0009,35.79185297,139.3573532,237
SHP0009,35.79200961,139.3566343,238
SHP0009,35.79214014,139.3560496,239
SHP0009,35.7921619,139.3559557,240
SHP0009,35.79226197,139.3554622,241
SHP0009,35.7923151,139.3551586,242
SHP0009,35.7923151,139.3551586,243
SHP0009,35.7923751,139.3548158,244
SHP0009,35.79241209,139.3546039,245
SHP0009,35.79251869,139.3538475,246
SHP0009,35.79258831,139.3533459,247
SHP0009,35.79263835,139.3530723,248
SHP0009,35.79264705,139.3530241,249
SHP0009,35.79266228,139.3529114,250
SHP0009,35.79271667,139.3525305,251
SHP0009,35.79277541,139.3521202,252
SHP0009,35.79288326,139.3513745,253
SHP0009,35.79288326,139.3513745,254
SHP0009,35.79299731,139.3505859,255
SHP0009,35.79300384,139.3505323,256
SHP0009,35.79306258,139.3501595,257
SHP0009,35.79308869,139.3499985,258
SHP0009,35.79312132,139.3497974,259
SHP0009,35.79318876,139.3492958,260
SHP0009,35.79321052,139.3490142,261
SHP0009,35.7932214,139.3486896,262
SHP0009,35.79321269,139.348298,263
SHP0009,35.79319964,139.3480915,264
SHP0009,35.79316048,139.3476972,265
SHP0009,35.7931409,139.3474907,266
SHP0009,35.79310392,139.3471232,267
SHP0009,35.79306258,139.3466324,268
SHP0009,35.79305823,139.3466002,269
SHP0009,35.79303865,139.3463695,270
SHP0009,35.79293146,139.3451546,271
SHP0009,35.79293146,139.3451546,272
SHP0009,35.79283632,139.3440762,273
SHP0009,35.79243819,139.3442023,274
SHP0009,35.79181163,139.3443847,275
SHP0009,35.79166804,139.3444169,276
SHP0009,35.79157885,139.344441,277
SHP0009,35.79136129,139.3445107,278
SHP0009,35.79108282,139.3445912,279
SHP0009,35.79063025,139.3447226,280
SHP0009,35.79047577,139.3447736,281
SHP0009,35.79012141,139.3448735,282
SHP0009,35.79004617,139.3448947,283
SHP0009,35.79004617,139.3448947,284
SHP0009,35.78953364,139.3450391,285
SHP0009,35.78945966,139.3450606,286
SHP0009,35.78920727,139.3451893,287
SHP0009,35.78862633,139.3455729,288
SHP0009,35.78850883,139.3456587,289
SHP0009,35.7881346,139.3458813,290
SHP0009,35.78809543,139.3458894,291
SHP0009,35.78803668,139.3459028,292
SHP0009,35.78778864,139.3460798,293
SHP0009,35.78720335,139.3465251,294
SHP0009,35.78670734,139.3468949,295
SHP0009,35.78666375,139.3469274,296
SHP0009,35.78597837,139.3474531,297
SHP0009,35.78592615,139.3474934,298
SHP0009,35.78561718,139.3477294,299
SHP0009,35.78544747,139.3478635,300
SHP0009,35.78544747,139.3478635,301
SHP0009,35.78508194,139.3481371,302
SHP0009,35.78495356,139.3481827,303
SHP0009,35.78475339,139.3481988,304
SHP0009,35.78438785,139.3481451,305
SHP0009,35.7847077,139.3499985,306
SHP0009,35.78480996,139.3505859,307
SHP0009,35.78487741,139.3510285,308
SHP0009,35.78491222,139.3513316,309
SHP0009,35.7849231,139.3514764,310
SHP0009,35.78492745,139.3517017,311
SHP0009,35.78492528,139.3517849,312
SHP0009,35.7849231,139.3519378,313
SHP0009,35.78491222,139.3521121,314
SHP0009,35.78485783,139.3526512,315
SHP0009,35.78472945,139.3537456,316
SHP0009,35.78470117,139.3539467,317
SHP0009,35.78488829,139.3540165,318
SHP0009,35.78537785,139.3542579,319
SHP0009,35.78619813,139.3546575,320
SHP0009,35.78636484,139.3547281,321
SHP0009,35.78636484,139.3547281,322
SHP0009,35.78655931,139.3548104,323
SHP0009,35.78729256,139.3550169,324
SHP0009,35.78865026,139.3554059,325
SHP0009,35.78870901,139.355422,326
SHP0009,35.78927907,139.3555722,327
SHP0009,35.78957498,139.3556687,328
SHP0009,35.79017768,139.3559316,329
SHP0009,35.79043866,139.3560737,330
SHP0009,35.79043866,139.3560737,331
SHP0009,35.79045836,139.3560845,332
SHP0009,35.7906259,139.3561623,333
SHP0009,35.79069117,139.356181,334
SHP0009,35.79108282,139.356299,335
SHP0009,35.79116549,139.3563259,336
SHP0009,35.79125033,139.3563554,337
SHP0009,35.79166804,139.3565029,338
SHP0009,35.79200961,139.3566343,339
SHP0009,35.79185297,139.3573532,340
SHP0009,35.79166804,139.3582034,341
SHP0009,35.79163976,139.3583322,342
SHP0009,35.79162137,139.3584165,343
SHP0009,35.79160913,139.3584727,344
SHP0009,35.79160913,139.3584727,345
SHP0009,35.79150705,139.358941,346
SHP0009,35.79136782,139.359574,347
SHP0009,35.79133083,139.3598396,348
SHP0009,35.7913243,139.3599388,349
SHP0009,35.79133518,139.3601856,350
SHP0009,35.79138957,139.3606737,351
SHP0009,35.7913961,139.3607461,352
SHP0009,35.79149617,139.3615723,353
SHP0009,35.79152663,139.3618459,354
SHP0009,35.79154186,139.3619987,355
SHP0009,35.79161583,139.3627122,356
SHP0009,35.79162453,139.3628302,357
SHP0009,35.79161365,139.3630126,358
SHP0009,35.79159407,139.3631333,359
SHP0009,35.79143308,139.3638843,360
SHP0009,35.79140915,139.364064,361
SHP0009,35.79140231,139.364281,362
SHP0009,35.79139392,139.3645468,363
SHP0009,35.79138522,139.3647319,364
SHP0009,35.79138957,139.3648365,365
SHP0009,35.79143012,139.3653749,366
SHP0009,35.79143012,139.3653749,367
SHP0009,35.79147442,139.365963,368
SHP0009,35.79154186,139.3665934,369
SHP0009,35.79154404,139.3666658,370
SHP0009,35.79155056,139.3670091,371
SHP0009,35.79155056,139.3671298,372
SHP0009,35.79165281,139.3680364,373
SHP0009,35.79165499,139.3680686,374
SHP0009,35.79166804,139.3681732,375
SHP0009,35.79175942,139.3689778,376
SHP0009,35.79184862,139.3697745,377
SHP0009,35.79192694,139.3702841,378
SHP0009,35.79193129,139.3702975,379
SHP0009,35.79166804,139.3704504,380
SHP0009,35.79108282,139.3707803,381
SHP0009,35.79090222,139.3708849,382
SHP0009,35.79090222,139.3708849,383
SHP0009,35.79085347,139.3709119,384
SHP0009,35.79040832,139.3711585,385
SHP0009,35.7900406,139.3713516,386
SHP0009,35.78986219,139.3711853,387
SHP0009,35.78974034,139.3710271,388
SHP0009,35.78960544,139.3707374,389
SHP0009,35.78950535,139.3704423,390
SHP0009,35.78917898,139.3694794,391
SHP0009,35.78911806,139.3693024,392
SHP0009,35.78902233,139.3690369,393
SHP0009,35.78899622,139.3689778,394
SHP0009,35.78886132,139.3686908,395
SHP0009,35.78885238,139.3686753,396
SHP0009,35.78880592,139.3685944,397
SHP0009,35.78880592,139.3685944,398
SHP0009,35.78872424,139.3684521,399
SHP0009,35.7882151,139.3675724,400
SHP0009,35.78804104,139.367331,401
SHP0009,35.78803016,139.3673122,402
SHP0009,35.78749056,139.3666658,403
SHP0009,35.78709673,139.3661937,404
SHP0009,35.78695966,139.3660328,405
SHP0009,35.78678434,139.3658211,406
SHP0009,35.78664417,139.3656519,407
SHP0009,35.78659195,139.3655875,408
SHP0009,35.78637163,139.3653201,409
SHP0009,35.78637163,139.3653201,410
SHP0009,35.78587828,139.3647212,411
SHP0009,35.78572815,139.3644556,412
SHP0009,35.78570639,139.3644047,413
SHP0009,35.78557367,139.3640855,414
SHP0009,35.7854453,139.3637717,415
SHP0009,35.78537785,139.3636027,416
SHP0009,35.78535609,139.3635517,417
SHP0009,35.78526906,139.363313,418
SHP0009,35.78514503,139.363018,419
SHP0009,35.78496009,139.3625298,420
SHP0009,35.78494268,139.3624815,421
SHP0009,35.78491222,139.3624038,422
SHP0009,35.78482371,139.3621683,423
SHP0009,35.78482371,139.3621683,424
SHP0009,35.7847882,139.3620738,425
SHP0009,35.78477515,139.3620417,426
SHP0009,35.78464895,139.3617466,427
SHP0009,35.7845728,139.3615723,428
SHP0009,35.7845184,139.3614542,429
SHP0009,35.7844466,139.3613309,430
SHP0009,35.78437262,139.3612289,431
SHP0009,35.78421596,139.3610573,432
SHP0009,35.78412676,139.3609849,433
SHP0009,35.78385478,139.3607944,434
SHP0009,35.78372205,139.3606898,435
SHP0009,35.78365025,139.3606201,436
SHP0009,35.78353276,139.3604565,437
SHP0009,35.78347619,139.3603465,438
SHP0009,35.78333476,139.3599522,439
SHP0009,35.78329342,139.3598396,440
SHP0009,35.7831607,139.3594989,441
SHP0009,35.78307802,139.3592897,442
SHP0009,35.78268781,139.3586448,443
SHP0009,35.78268781,139.3586448,444
SHP0009,35.78259861,139.3584974,445
SHP0009,35.78257976,139.3584663,446
SHP0009,35.7824862,139.3583322,447
SHP0009,35.78245573,139.3582892,448
SHP0009,35.78224468,139.3579566,449
SHP0009,35.7821707,139.3578386,450
SHP0009,35.78151136,139.3567979,451
SHP0009,35.78142649,139.3566424,452
SHP0009,35.78095373,139.3558388,453
SHP0009,35.78095373,139.3558388,454
SHP0009,35.78086942,139.3556955,455
SHP0009,35.7807715,139.3555158,456
SHP0009,35.78076497,139.3555024,457
SHP0009,35.7806714,139.3552986,458
SHP0009,35.7804625,139.3548426,459
SHP0009,35.78039722,139.3546012,460
SHP0009,35.78127635,139.3552127,461
SHP0009,35.78148307,139.355371,462
SHP0009,35.7821707,139.3558645,463
SHP0009,35.78253189,139.3561274,464
SHP0009,35.78257976,139.3561596,465
SHP0009,35.78293224,139.3564278,466
SHP0009,35.7832956,139.3566826,467
SHP0009,35.78333476,139.3567014,468
SHP0009,35.78339786,139.356747,469
SHP0009,35.78401579,139.3572083,470
SHP0009,35.78407671,139.3572459,471
SHP0009,35.78420073,139.3572861,472
SHP0009,35.78427036,139.3572915,473
SHP0009,35.78454451,139.3572861,474
SHP0009,35.78450752,139.3571654,475
SHP0009,35.78445748,139.3569079,476
SHP0009,35.78443354,139.356747,477
SHP0009,35.78442702,139.3565914,478
SHP0009,35.78443354,139.3563741,479
SHP0009,35.7844466,139.3561596,480
SHP0009,35.78453363,139.3553737,481
SHP0009,35.78454451,139.3552503,482
SHP0009,35.78466853,139.3542069,483
SHP0009,35.78470117,139.3539467,484
SHP0009,35.7842399,139.3537885,485
SHP0009,35.78407671,139.3537349,486
SHP0009,35.78406583,139.3537295,487
SHP0009,35.78333732,139.3534034,488
SHP0009,35.78333732,139.3534034,489
SHP0009,35.78333476,139.3534023,490
SHP0009,35.78321294,139.3533491,491
SHP0009,35.78305191,139.3532789,492
SHP0009,35.78273424,139.3531609,493
SHP0009,35.7827016,139.3531528,494
SHP0009,35.78246009,139.3530858,495
SHP0009,35.7821707,139.3530107,496
SHP0009,35.78213153,139.3530026,497
SHP0009,35.78183777,139.3529356,498
SHP0009,35.78151136,139.3528631,499
SHP0009,35.78118278,139.3528014,500
SHP0009,35.78106527,139.352788,501
SHP0009,35.78060616,139.3527459,502
SHP0009,35.78060616,139.3527459,503
SHP0009,35.78026286,139.3527144,504
SHP0009,35.77986626,139.3526781,505
SHP0009,35.77910682,139.3525976,506
SHP0009,35.77855628,139.3525413,507
SHP0009,35.77841919,139.3525279,508
SHP0009,35.77831256,139.3525171,509
SHP0009,35.77803185,139.3525305,510
SHP0009,35.77779901,139.3525815,511
SHP0009,35.77768151,139.352611,512
SHP0009,35.77759882,139.3526325,513
SHP0009,35.77746608,139.3526566,514
SHP0009,35.77708309,139.3526566,515
SHP0009,35.77656954,139.3525869,516
SHP0009,35.77651379,139.3525838,517
SHP0009,35.77651379,139.3525838,518
SHP0009,35.77637587,139.3525761,519
SHP0009,35.77598201,139.3525305,520
SHP0009,35.77578834,139.3525171,521
SHP0009,35.77552504,139.3525332,522
SHP0009,35.77546411,139.3525225,523
SHP0009,35.7752835,139.3524286,524
SHP0009,35.77507024,139.3523186,525
SHP0009,35.77500061,139.3522757,526
SHP0009,35.77415195,139.3517876,527
SHP0009,35.77379508,139.351581,528
SHP0009,35.77357747,139.3522355,529
SHP0009,35.77334681,139.3528873,530
SHP0009,35.77325759,139.3530938,531
SHP0009,35.77322712,139.3531662,532
SHP0009,35.77308566,139.3534371,533
SHP0009,35.77295944,139.3537053,534
SHP0009,35.77273746,139.3541399,535
SHP0009,35.77230002,139.3538341,536
SHP0009,35.77212552,139.3537007,537
SHP0009,35.77212552,139.3537007,538
SHP0009,35.77182994,139.3534747,539
SHP0009,35.77158184,139.3532869,540
SHP0009,35.77137727,139.3531206,541
SHP0009,35.77131633,139.3530938,542
SHP0009,35.77122275,139.3530214,543
SHP0009,35.77107694,139.3529087,544
SHP0009,35.77089849,139.352788,545
SHP0009,35.77085061,139.3527505,546
SHP0009,35.77059163,139.3525466,547
SHP0009,35.77094636,139.3520504,548
SHP0009,35.77106606,139.3518814,549
SHP0009,35.771127,139.3517795,550
SHP0009,35.77132504,139.351522,551
SHP0009,35.77149697,139.351294,552
SHP0009,35.77205845,139.3506208,553
SHP0009,35.77207804,139.3505859,554
SHP0009,35.77236966,139.3500468,555
SHP0009,35.77239795,139.3499985,556
SHP0009,35.772522,139.3497759,557
SHP0009,35.77278751,139.3492663,558
SHP0009,35.77285062,139.3491831,559
SHP0009,35.77307043,139.3487835,560
SHP0009,35.77325759,139.3483758,561
SHP0009,35.77332505,139.348231,562
SHP0009,35.77325759,139.3482041,563
SHP0009,35.77299861,139.3481237,564
SHP0009,35.77287892,139.3481022,565
SHP0009,35.77209327,139.3479654,566
SHP0009,35.77143821,139.3478635,567
SHP0009,35.77126628,139.3478286,568
SHP0009,35.77112482,139.3478099,569
SHP0009,35.77063298,139.3477347,570
SHP0009,35.77074179,139.3475577,571
SHP0009,35.77079185,139.3474746,572
SHP0009,35.77081361,139.3474317,573
SHP0009,35.77089631,139.3472734,574
SHP0009,35.77092678,139.3472117,575
SHP0009,35.77095922,139.3471377,576
SHP0010,35.77095922,139.3471377,1
SHP0010,35.77098554,139.3470776,2
SHP0010,35.77117488,139.3471098,3
SHP0010,35.77117052,139.3472654,4
SHP0010,35.77109435,139.3475792,5
SHP0010,35.77108347,139.3476275,6
SHP0010,35.77107912,139.3476892,7
SHP0010,35.77112482,139.3478099,8
SHP0010,35.77126628,139.3478286,9
SHP0010,35.77143821,139.3478635,10
SHP0010,35.77209327,139.3479654,11
SHP0010,35.77287892,139.3481022,12
SHP0010,35.77299861,139.3481237,13
SHP0010,35.77325759,139.3482041,14
SHP0010,35.77332505,139.348231,15
SHP0010,35.77366887,139.3484482,16
SHP0010,35.77443919,139.3489578,17
SHP0010,35.77450447,139.3490705,18
SHP0010,35.77465897,139.3491831,19
SHP0010,35.77484176,139.3493897,20
SHP0010,35.77500061,139.3496123,21
SHP0010,35.77500714,139.349623,22
SHP0010,35.77512247,139.3497866,23
SHP0010,35.77524215,139.3499985,24
SHP0010,35.77553809,139.3505859,25
SHP0010,35.77556421,139.3506396,26
SHP0010,35.77570565,139.3509105,27
SHP0010,35.77574482,139.3509829,28
SHP0010,35.7759559,139.3512726,29
SHP0010,35.7762823,139.3515998,30
SHP0010,35.77661524,139.3518573,31
SHP0010,35.776946,139.3521014,32
SHP0010,35.77740297,139.3524367,33
SHP0010,35.77768151,139.352611,34
SHP0010,35.7779731,139.3528149,35
SHP0010,35.77817982,139.3529758,36
SHP0010,35.77830603,139.3530777,37
SHP0010,35.7787543,139.3533996,38
SHP0010,35.77880217,139.3534264,39
SHP0010,35.77938753,139.3538529,40
SHP0010,35.77948763,139.3539199,41
SHP0010,35.77974658,139.3541238,42
SHP0010,35.77987062,139.3542016,43
SHP0010,35.78000335,139.3543088,44
SHP0010,35.78020138,139.3544456,45
SHP0010,35.78039722,139.3546012,46
SHP0010,35.7804625,139.3548426,47
SHP0010,35.7806714,139.3552986,48
SHP0010,35.78076497,139.3555024,49
SHP0010,35.7807715,139.3555158,50
SHP0010,35.78086942,139.3556955,51
SHP0010,35.78095373,139.3558388,52
SHP0010,35.78095373,139.3558388,53
SHP0010,35.78142649,139.3566424,54
SHP0010,35.78151136,139.3567979,55
SHP0010,35.7821707,139.3578386,56
SHP0010,35.78224468,139.3579566,57
SHP0010,35.78245573,139.3582892,58
SHP0010,35.7824862,139.3583322,59
SHP0010,35.78257976,139.3584663,60
SHP0010,35.78259861,139.3584974,61
SHP0010,35.78259861,139.3584974,62
SHP0010,35.78268781,139.3586448,63
SHP0010,35.78307802,139.3592897,64
SHP0010,35.7831607,139.3594989,65
SHP0010,35.78329342,139.3598396,66
SHP0010,35.78333476,139.3599522,67
SHP0010,35.78347619,139.3603465,68
SHP0010,35.78353276,139.3604565,69
SHP0010,35.78365025,139.3606201,70
SHP0010,35.78372205,139.3606898,71
SHP0010,35.78385478,139.3607944,72
SHP0010,35.78412676,139.3609849,73
SHP0010,35.78421596,139.3610573,74
SHP0010,35.78437262,139.3612289,75
SHP0010,35.7844466,139.3613309,76
SHP0010,35.7845184,139.3614542,77
SHP0010,35.7845728,139.3615723,78
SHP0010,35.78464895,139.3617466,79
SHP0010,35.78464895,139.3617466,80
SHP0010,35.78477515,139.3620417,81
SHP0010,35.7847882,139.3620738,82
SHP0010,35.78482371,139.3621683,83
SHP0010,35.78491222,139.3624038,84
SHP0010,35.78494268,139.3624815,85
SHP0010,35.78496009,139.3625298,86
SHP0010,35.78514503,139.363018,87
SHP0010,35.78526906,139.363313,88
SHP0010,35.78535609,139.3635517,89
SHP0010,35.78537785,139.3636027,90
SHP0010,35.7854453,139.3637717,91
SHP0010,35.78557367,139.3640855,92
SHP0010,35.78570639,139.3644047,93
SHP0010,35.78572815,139.3644556,94
SHP0010,35.78587828,139.3647212,95
SHP0010,35.78637163,139.3653201,96
SHP0010,35.78659195,139.3655875,97
SHP0010,35.78664417,139.3656519,98
SHP0010,35.78678434,139.3658211,99
SHP0010,35.78678434,139.3658211,100
SHP0010,35.78695966,139.3660328,101
SHP0010,35.78709673,139.3661937,102
SHP0010,35.78749056,139.3666658,103
SHP0010,35.78803016,139.3673122,104
SHP0010,35.78804104,139.367331,105
SHP0010,35.7882151,139.3675724,106
SHP0010,35.78872424,139.3684521,107
SHP0010,35.78880592,139.3685944,108
SHP0010,35.78885238,139.3686753,109
SHP0010,35.78885238,139.3686753,110
SHP0010,35.78886132,139.3686908,111
SHP0010,35.78899622,139.3689778,112
SHP0010,35.78902233,139.3690369,113
SHP0010,35.78911806,139.3693024,114
SHP0010,35.78917898,139.3694794,115
SHP0010,35.78950535,139.3704423,116
SHP0010,35.78960544,139.3707374,117
SHP0010,35.78974034,139.3710271,118
SHP0010,35.78986219,139.3711853,119
SHP0010,35.7900406,139.3713516,120
SHP0010,35.79040832,139.3711585,121
SHP0010,35.79085347,139.3709119,122
SHP0010,35.79085347,139.3709119,123
SHP0010,35.79090222,139.3708849,124
SHP0010,35.79108282,139.3707803,125
SHP0010,35.79166804,139.3704504,126
SHP0010,35.79193129,139.3702975,127
SHP0010,35.79192694,139.3702841,128
SHP0010,35.79184862,139.3697745,129
SHP0010,35.79175942,139.3689778,130
SHP0010,35.79166804,139.3681732,131
SHP0010,35.79165499,139.3680686,132
SHP0010,35.79165281,139.3680364,133
SHP0010,35.79155056,139.3671298,134
SHP0010,35.79155056,139.3670091,135
SHP0010,35.79154404,139.3666658,136
SHP0010,35.79154186,139.3665934,137
SHP0010,35.79147442,139.365963,138
SHP0010,35.79143012,139.3653749,139
SHP0010,35.79138957,139.3648365,140
SHP0010,35.79138522,139.3647319,141
SHP0010,35.79139392,139.3645468,142
SHP0010,35.79140231,139.364281,143
SHP0010,35.79140231,139.364281,144
SHP0010,35.79140915,139.364064,145
SHP0010,35.79143308,139.3638843,146
SHP0010,35.79159407,139.3631333,147
SHP0010,35.79161365,139.3630126,148
SHP0010,35.79162453,139.3628302,149
SHP0010,35.79161583,139.3627122,150
SHP0010,35.79154186,139.3619987,151
SHP0010,35.79152663,139.3618459,152
SHP0010,35.79149617,139.3615723,153
SHP0010,35.7913961,139.3607461,154
SHP0010,35.79138957,139.3606737,155
SHP0010,35.79133518,139.3601856,156
SHP0010,35.7913243,139.3599388,157
SHP0010,35.79133083,139.3598396,158
SHP0010,35.79136782,139.359574,159
SHP0010,35.79150705,139.358941,160
SHP0010,35.79160913,139.3584727,161
SHP0010,35.79162137,139.3584165,162
SHP0010,35.79162137,139.3584165,163
SHP0010,35.79163976,139.3583322,164
SHP0010,35.79166804,139.3582034,165
SHP0010,35.79185297,139.3573532,166
SHP0010,35.79200961,139.3566343,167
SHP0010,35.79214014,139.3560496,168
SHP0010,35.7921619,139.3559557,169
SHP0010,35.79226197,139.3554622,170
SHP0010,35.7923151,139.3551586,171
SHP0010,35.7923151,139.3551586,172
SHP0010,35.7923751,139.3548158,173
SHP0010,35.79241209,139.3546039,174
SHP0010,35.79251869,139.3538475,175
SHP0010,35.79258831,139.3533459,176
SHP0010,35.79263835,139.3530723,177
SHP0010,35.79264705,139.3530241,178
SHP0010,35.79266228,139.3529114,179
SHP0010,35.79271667,139.3525305,180
SHP0010,35.79277541,139.3521202,181
SHP0010,35.79288326,139.3513745,182
SHP0010,35.79288326,139.3513745,183
SHP0010,35.79299731,139.3505859,184
SHP0010,35.79300384,139.3505323,185
SHP0010,35.79306258,139.3501595,186
SHP0010,35.79308869,139.3499985,187
SHP0010,35.79312132,139.3497974,188
SHP0010,35.79318876,139.3492958,189
SHP0010,35.79321052,139.3490142,190
SHP0010,35.7932214,139.3486896,191
SHP0010,35.79321269,139.348298,192
SHP0010,35.79319964,139.3480915,193
SHP0010,35.79316048,139.3476972,194
SHP0010,35.7931409,139.3474907,195
SHP0010,35.79310392,139.3471232,196
SHP0010,35.79306258,139.3466324,197
SHP0010,35.79305823,139.3466002,198
SHP0010,35.79303865,139.3463695,199
SHP0010,35.79293146,139.3451546,200
SHP0010,35.79293146,139.3451546,201
SHP0010,35.79283632,139.3440762,202
SHP0010,35.79243819,139.3442023,203
SHP0010,35.79181163,139.3443847,204
SHP0010,35.79166804,139.3444169,205
SHP0010,35.79157885,139.344441,206
SHP0010,35.79136129,139.3445107,207
SHP0010,35.79108282,139.3445912,208
SHP0010,35.79063025,139.3447226,209
SHP0010,35.79047577,139.3447736,210
SHP0010,35.79012141,139.3448735,211
SHP0010,35.79004617,139.3448947,212
SHP0010,35.79004617,139.3448947,213
SHP0010,35.78953364,139.3450391,214
SHP0010,35.78945966,139.3450606,215
SHP0010,35.78920727,139.3451893,216
SHP0010,35.78862633,139.3455729,217
SHP0010,35.78850883,139.3456587,218
SHP0010,35.7881346,139.3458813,219
SHP0010,35.78809543,139.3458894,220
SHP0010,35.78803668,139.3459028,221
SHP0010,35.78778864,139.3460798,222
SHP0010,35.78720335,139.3465251,223
SHP0010,35.78670734,139.3468949,224
SHP0010,35.78666375,139.3469274,225
SHP0010,35.78597837,139.3474531,226
SHP0010,35.78592615,139.3474934,227
SHP0010,35.78561718,139.3477294,228
SHP0010,35.78544747,139.3478635,229
SHP0011,35.770943,139.347127,1
SHP0011,35.77116,139.347142,2
SHP0011,35.771073,139.34756,3
SHP0011,35.771064,139.347743,4
SHP0011,35.771673,139.347866,5
SHP0011,35.772104,139.347941,6
SHP0011,35.772953,139.348102,7
SHP0011,35.773301,139.348226,8
SHP0011,35.773001,139.348928,9
SHP0011,35.772788,139.349293,10
SHP0011,35.772087,139.350581,11
SHP0011,35.771665,139.351144,12
SHP0011,35.771334,139.351541,13
SHP0011,35.770629,139.352517,14
SHP0011,35.771094,139.352893,15
SHP0011,35.771834,139.35344,16
SHP0011,35.772117,139.353644,17
SHP0011,35.772226,139.353735,18
SHP0011,35.772722,139.354126,19
SHP0011,35.772431,139.354797,20
SHP0011,35.772239,139.355205,21
SHP0011,35.772435,139.355339,22
SHP0011,35.772774,139.355537,23
SHP0011,35.773036,139.355881,24
SHP0011,35.772735,139.35638,25
SHP0011,35.772962,139.356589,26
SHP0011,35.773667,139.35698,27
SHP0011,35.773823,139.357077,28
SHP0011,35.774167,139.357415,29
SHP0011,35.774211,139.35727,30
SHP0011,35.774311,139.35737,31
SHP0011,35.774224,139.357511,32
SHP0011,35.773832,139.357141,33
SHP0011,35.773562,139.356991,34
SHP0011,35.772992,139.356648,35
SHP0011,35.772692,139.356412,36
SHP0011,35.773018,139.355902,37
SHP0011,35.772796,139.355543,38
SHP0011,35.772422,139.355355,39
SHP0011,35.772209,139.355183,40
SHP0011,35.772404,139.354776,41
SHP0011,35.7727,139.354159,42
SHP0011,35.772139,139.353756,43
SHP0011,35.771791,139.353504,44
SHP0011,35.771047,139.352909,45
SHP0011,35.770581,139.35256,46
SHP0011,35.771321,139.35153,47
SHP0011,35.77163,139.351101,48
SHP0011,35.772078,139.350548,49
SHP0011,35.7728,139.349245,50
SHP0011,35.773018,139.34888,51
SHP0011,35.773275,139.348236,52
SHP0011,35.772905,139.348113,53
SHP0011,35.772087,139.348006,54
SHP0011,35.771038,139.347807,55
SHP0011,35.770659,139.347743,56
SHP0011,35.770942,139.347169,57
